#include <stdio.h>
#include <stdlib.h>
#include <math.h>
#include <time.h>

#include "kernel.h"
#include "swis.h"

#include "Math3D.h"
#include "Mesh.h"
#include "CVector.h"
#include "Palette.h"

// ASM Routines
extern void VDUSetup(void);
extern void SetBuffers(int oneOver); // (R1: oneOver)
extern void UpdateMemAddress(int screenStart, int screenMax);
extern void ReserveScreenBanks(void);
extern void SwitchScreenBank(void);
extern void SortVertices(int triList);
extern void DrawTriangle(int triList, int color);
extern void ClearScreen(int color, int fullclear);
extern int KeyPress(int keyCode);

// GLOBALS
static unsigned char color; // <uint8> color
static unsigned int color4; // <uint32> color (4 x the above)
_kernel_oserror *err;
_kernel_swi_regs rin, rout;

// A selection of 4 x 16-level gradients from the default Archimedes 256 color palette
unsigned char palette[64] = { 6, 6, 6, 6, 6, 39, 47, 46, 45, 208, 214, 220, 247, 255, 254, 253, // GREY
                              32, 33, 34, 35, 64, 65, 66, 67, 96, 97, 98, 99, 103, 111, 243, 255, // GREEN
                              4, 4, 4, 4, 4, 5, 6, 7, 56, 57, 58, 59, 212, 213, 215, 215,         // RED
                              8, 9, 10, 11, 160, 161, 162, 163, 200, 201, 202, 203, 232, 234, 235, 236 }; // BLUE

unsigned char fogLookup[256 * 64] = {
    0, 0, 0, 0, 0, 0, 0, 6, 6, 6, 6, 6, 11, 11, 11, 11, 11, 11, 11, 11, 11, 11, 47, 47, 47, 47, 47, 47, 47, 46, 46, 46, 46, 46, 46, 46, 46, 170, 170, 170, 170, 170, 170, 170, 170, 170, 170, 197, 197, 197, 197, 197, 197, 197, 197, 197, 197, 197, 197, 197, 194, 194, 194, 194, 
    1, 1, 1, 1, 1, 1, 1, 8, 8, 8, 2, 2, 2, 2, 2, 2, 2, 2, 2, 14, 14, 13, 13, 13, 13, 13, 13, 13, 13, 13, 13, 13, 13, 45, 45, 45, 45, 45, 45, 45, 45, 45, 45, 197, 197, 197, 197, 197, 197, 197, 197, 197, 197, 197, 197, 197, 197, 197, 197, 214, 194, 194, 194, 194, 
    2, 2, 2, 2, 2, 2, 2, 2, 2, 2, 13, 13, 13, 13, 13, 13, 13, 13, 13, 13, 57, 57, 57, 57, 57, 176, 176, 176, 176, 176, 45, 45, 45, 45, 45, 182, 182, 182, 182, 182, 182, 182, 182, 197, 197, 197, 197, 197, 197, 197, 197, 197, 197, 197, 197, 197, 197, 214, 214, 214, 194, 194, 194, 194, 
    3, 3, 3, 3, 3, 3, 3, 39, 39, 39, 39, 39, 33, 33, 33, 33, 33, 33, 47, 47, 47, 47, 47, 47, 47, 46, 46, 46, 46, 46, 46, 46, 46, 46, 46, 45, 45, 45, 45, 45, 45, 45, 45, 45, 45, 197, 197, 197, 197, 197, 197, 197, 197, 197, 197, 197, 197, 197, 197, 214, 214, 194, 194, 194, 
    4, 4, 4, 4, 4, 4, 7, 7, 7, 8, 8, 8, 8, 8, 8, 8, 8, 8, 8, 8, 8, 14, 47, 47, 47, 47, 47, 46, 46, 46, 46, 46, 46, 46, 46, 46, 46, 45, 45, 45, 45, 45, 45, 45, 45, 45, 197, 197, 197, 197, 197, 197, 197, 197, 197, 197, 197, 197, 197, 197, 214, 194, 194, 194, 
    5, 5, 5, 5, 5, 5, 5, 2, 2, 2, 2, 2, 2, 2, 2, 2, 2, 2, 2, 2, 2, 13, 13, 13, 13, 13, 57, 57, 57, 57, 57, 57, 57, 176, 176, 176, 176, 176, 176, 45, 182, 182, 182, 182, 182, 182, 182, 182, 197, 197, 197, 197, 197, 197, 197, 197, 197, 197, 197, 214, 214, 194, 194, 194, 
    6, 6, 6, 6, 11, 11, 11, 11, 11, 11, 11, 11, 11, 11, 11, 11, 47, 47, 47, 47, 47, 47, 47, 47, 46, 46, 46, 46, 46, 46, 46, 46, 170, 170, 170, 170, 170, 170, 170, 170, 170, 170, 170, 170, 197, 197, 197, 197, 197, 197, 197, 197, 197, 197, 197, 197, 197, 197, 197, 194, 194, 194, 194, 194, 
    7, 7, 7, 7, 7, 7, 15, 15, 15, 15, 15, 15, 15, 15, 15, 15, 14, 14, 14, 14, 14, 14, 14, 14, 14, 14, 13, 13, 13, 46, 46, 46, 170, 170, 170, 170, 170, 170, 170, 170, 170, 170, 170, 170, 197, 197, 197, 197, 197, 197, 197, 197, 197, 197, 197, 197, 197, 197, 197, 197, 194, 194, 194, 194, 
    8, 8, 8, 8, 8, 8, 8, 8, 8, 33, 33, 2, 2, 2, 2, 2, 2, 2, 46, 46, 46, 46, 46, 46, 46, 46, 46, 46, 45, 45, 45, 45, 45, 45, 45, 45, 45, 45, 45, 45, 45, 45, 197, 197, 197, 197, 197, 197, 197, 197, 197, 197, 197, 197, 197, 197, 197, 197, 197, 214, 194, 194, 194, 194, 
    9, 9, 9, 9, 9, 9, 9, 9, 9, 131, 131, 131, 131, 131, 131, 131, 131, 131, 131, 131, 131, 164, 164, 164, 164, 164, 164, 164, 164, 161, 161, 161, 161, 161, 168, 168, 168, 168, 168, 168, 168, 168, 168, 168, 168, 197, 197, 197, 197, 197, 197, 197, 197, 197, 197, 197, 197, 197, 197, 194, 194, 194, 194, 194, 
    10, 10, 10, 10, 10, 10, 8, 8, 8, 33, 33, 33, 33, 33, 33, 33, 33, 33, 33, 37, 34, 34, 34, 34, 34, 34, 34, 34, 34, 34, 46, 45, 45, 45, 45, 45, 45, 45, 45, 45, 45, 45, 45, 45, 45, 208, 197, 197, 197, 197, 197, 197, 197, 197, 197, 197, 197, 197, 197, 214, 214, 194, 194, 194, 
    11, 11, 11, 11, 11, 11, 11, 11, 11, 47, 47, 47, 47, 47, 47, 47, 47, 47, 46, 46, 46, 46, 46, 46, 46, 46, 46, 46, 170, 170, 170, 170, 170, 170, 170, 170, 170, 170, 170, 170, 170, 197, 197, 197, 197, 197, 197, 197, 197, 197, 197, 197, 197, 197, 197, 197, 197, 197, 197, 194, 194, 194, 194, 194, 
    12, 12, 12, 12, 12, 39, 39, 39, 39, 39, 39, 39, 47, 47, 47, 47, 47, 47, 47, 47, 47, 47, 47, 46, 46, 46, 46, 46, 46, 46, 46, 46, 46, 46, 45, 45, 170, 45, 45, 45, 45, 45, 45, 197, 197, 197, 197, 197, 197, 197, 197, 197, 197, 197, 197, 197, 197, 197, 197, 194, 194, 194, 194, 194, 
    13, 13, 13, 13, 13, 13, 13, 13, 13, 13, 13, 13, 13, 13, 13, 176, 176, 176, 176, 176, 165, 165, 165, 165, 165, 165, 165, 182, 182, 182, 182, 182, 182, 182, 182, 182, 182, 182, 197, 197, 197, 197, 197, 197, 197, 197, 197, 197, 197, 197, 197, 197, 197, 197, 197, 197, 197, 194, 194, 194, 194, 194, 194, 194, 
    14, 14, 14, 14, 14, 14, 14, 14, 13, 13, 13, 13, 13, 13, 13, 13, 13, 13, 13, 13, 13, 13, 170, 170, 170, 170, 170, 170, 170, 170, 170, 170, 170, 170, 168, 197, 197, 197, 197, 197, 197, 197, 197, 197, 197, 197, 197, 197, 197, 197, 197, 197, 197, 197, 197, 197, 197, 197, 194, 194, 194, 194, 194, 194, 
    15, 15, 15, 15, 15, 15, 15, 14, 14, 14, 14, 14, 14, 14, 14, 14, 14, 14, 14, 13, 13, 13, 13, 13, 13, 13, 13, 170, 170, 170, 170, 170, 170, 170, 170, 170, 170, 170, 170, 170, 170, 197, 197, 197, 197, 197, 197, 197, 197, 197, 197, 197, 197, 197, 197, 197, 197, 197, 197, 194, 194, 194, 194, 194, 
    16, 16, 16, 16, 16, 16, 16, 22, 22, 22, 22, 22, 22, 22, 22, 22, 22, 22, 27, 27, 27, 27, 27, 57, 57, 57, 57, 57, 57, 57, 57, 57, 57, 57, 57, 57, 57, 57, 176, 176, 176, 208, 208, 208, 208, 208, 208, 208, 208, 208, 208, 208, 197, 197, 197, 197, 197, 214, 214, 214, 214, 214, 194, 194, 
    17, 17, 17, 17, 17, 17, 31, 31, 31, 31, 31, 31, 31, 31, 31, 31, 31, 31, 30, 30, 30, 30, 30, 30, 57, 180, 180, 180, 180, 180, 180, 180, 180, 180, 179, 179, 179, 179, 179, 179, 179, 179, 188, 188, 188, 188, 188, 188, 188, 188, 188, 188, 188, 187, 187, 214, 214, 214, 214, 214, 214, 214, 194, 194, 
    18, 18, 18, 18, 18, 18, 18, 18, 18, 30, 30, 29, 29, 29, 29, 29, 29, 29, 62, 62, 62, 62, 62, 62, 186, 186, 186, 186, 186, 179, 179, 179, 179, 179, 179, 179, 179, 179, 179, 188, 188, 188, 188, 188, 188, 188, 188, 188, 215, 215, 215, 215, 215, 215, 215, 214, 214, 214, 214, 214, 214, 214, 194, 194, 
    19, 19, 19, 19, 19, 28, 28, 28, 28, 28, 55, 55, 55, 55, 55, 27, 27, 27, 27, 27, 27, 63, 63, 63, 63, 57, 57, 57, 57, 57, 57, 57, 57, 57, 57, 89, 89, 179, 179, 208, 208, 208, 208, 208, 208, 208, 208, 208, 208, 208, 208, 208, 208, 214, 214, 214, 214, 214, 214, 214, 214, 214, 194, 194, 
    20, 20, 20, 20, 20, 20, 23, 23, 23, 23, 23, 22, 27, 27, 27, 27, 27, 27, 27, 27, 27, 27, 27, 27, 27, 57, 57, 57, 57, 57, 57, 57, 57, 57, 57, 57, 57, 57, 179, 179, 179, 179, 188, 188, 188, 188, 188, 188, 188, 188, 188, 188, 188, 188, 197, 197, 214, 214, 214, 214, 214, 214, 194, 194, 
    21, 21, 21, 21, 21, 21, 21, 18, 18, 18, 18, 18, 18, 18, 18, 30, 30, 30, 30, 30, 30, 30, 30, 30, 30, 30, 30, 62, 180, 180, 180, 180, 180, 180, 179, 179, 179, 179, 179, 179, 179, 179, 179, 188, 188, 188, 188, 188, 188, 188, 188, 188, 188, 215, 187, 187, 214, 214, 214, 214, 214, 214, 194, 194, 
    22, 22, 22, 22, 22, 22, 22, 27, 27, 27, 27, 27, 27, 27, 57, 57, 57, 57, 57, 57, 57, 57, 57, 57, 57, 57, 57, 57, 57, 57, 57, 57, 57, 176, 176, 208, 208, 208, 208, 208, 208, 208, 208, 208, 208, 208, 208, 208, 208, 197, 197, 197, 197, 197, 197, 197, 214, 214, 214, 214, 214, 194, 194, 194, 
    23, 23, 23, 23, 23, 23, 23, 31, 31, 31, 31, 27, 27, 27, 27, 27, 27, 27, 27, 27, 57, 57, 57, 57, 57, 57, 57, 57, 57, 57, 57, 57, 57, 176, 176, 176, 176, 179, 179, 179, 188, 188, 188, 188, 188, 188, 188, 188, 188, 188, 188, 188, 188, 187, 197, 197, 214, 214, 214, 214, 214, 214, 194, 194, 
    24, 24, 24, 24, 24, 24, 24, 24, 24, 49, 49, 63, 63, 63, 63, 63, 63, 63, 63, 63, 63, 63, 63, 63, 63, 62, 179, 179, 179, 179, 179, 179, 179, 179, 179, 179, 179, 179, 179, 179, 188, 188, 188, 188, 188, 188, 188, 188, 188, 188, 188, 188, 188, 214, 214, 214, 214, 214, 214, 214, 214, 214, 194, 194, 
    25, 25, 25, 25, 25, 25, 25, 25, 25, 25, 25, 25, 144, 144, 176, 176, 176, 176, 176, 176, 176, 176, 176, 176, 176, 176, 176, 176, 176, 176, 176, 176, 176, 176, 182, 182, 182, 182, 182, 182, 182, 182, 182, 182, 182, 182, 182, 182, 182, 182, 182, 197, 197, 197, 197, 197, 197, 214, 214, 214, 194, 194, 194, 194, 
    26, 26, 26, 26, 26, 26, 24, 24, 24, 49, 49, 49, 49, 49, 49, 55, 55, 63, 63, 63, 63, 63, 63, 63, 63, 63, 63, 63, 63, 63, 63, 179, 179, 179, 179, 179, 179, 179, 179, 179, 179, 179, 188, 188, 188, 188, 188, 188, 188, 188, 188, 188, 188, 188, 214, 214, 214, 214, 214, 214, 214, 214, 194, 194, 
    27, 27, 27, 27, 27, 27, 27, 27, 27, 27, 27, 57, 57, 57, 57, 57, 57, 57, 57, 57, 57, 57, 57, 57, 57, 57, 57, 57, 179, 179, 179, 179, 179, 179, 208, 208, 208, 208, 208, 188, 188, 188, 188, 188, 188, 188, 188, 188, 188, 188, 197, 197, 197, 214, 214, 214, 214, 214, 214, 214, 214, 214, 194, 194, 
    28, 28, 28, 28, 28, 28, 27, 27, 27, 27, 27, 27, 27, 27, 27, 27, 27, 27, 57, 57, 57, 57, 57, 57, 57, 57, 57, 57, 57, 57, 57, 89, 89, 89, 89, 208, 208, 208, 208, 208, 208, 208, 208, 208, 208, 208, 208, 208, 208, 208, 208, 197, 214, 214, 214, 214, 214, 214, 214, 214, 214, 214, 194, 194, 
    29, 29, 29, 29, 29, 29, 29, 29, 29, 29, 29, 29, 29, 186, 186, 186, 186, 186, 186, 186, 186, 186, 186, 186, 186, 186, 186, 186, 179, 179, 179, 179, 179, 179, 188, 188, 188, 188, 188, 188, 188, 215, 215, 215, 215, 215, 215, 215, 215, 187, 187, 187, 187, 187, 187, 214, 214, 214, 214, 214, 214, 214, 194, 194, 
    30, 30, 30, 30, 30, 30, 30, 30, 30, 30, 30, 30, 180, 180, 180, 180, 180, 180, 180, 180, 180, 180, 180, 180, 180, 180, 179, 179, 179, 179, 179, 179, 179, 179, 188, 188, 188, 188, 188, 188, 188, 188, 188, 188, 188, 188, 188, 187, 187, 187, 187, 187, 187, 187, 187, 214, 214, 214, 214, 214, 214, 194, 194, 194, 
    31, 31, 31, 31, 31, 31, 31, 31, 31, 31, 31, 30, 30, 30, 30, 57, 57, 57, 57, 180, 180, 180, 180, 180, 180, 180, 180, 180, 180, 180, 179, 179, 179, 179, 179, 179, 179, 188, 188, 188, 188, 188, 188, 188, 188, 188, 188, 188, 188, 188, 188, 187, 187, 187, 214, 214, 214, 214, 214, 214, 214, 214, 194, 194, 
    32, 32, 32, 32, 32, 32, 32, 39, 39, 39, 39, 39, 39, 39, 39, 47, 47, 47, 47, 47, 47, 47, 47, 47, 47, 47, 46, 46, 46, 46, 46, 46, 46, 46, 46, 46, 45, 45, 45, 45, 45, 45, 45, 45, 45, 197, 197, 197, 197, 197, 197, 197, 197, 197, 197, 197, 197, 197, 197, 194, 194, 194, 194, 194, 
    33, 33, 33, 33, 33, 33, 33, 33, 33, 33, 47, 47, 34, 34, 34, 34, 34, 34, 34, 46, 46, 46, 46, 46, 46, 45, 45, 45, 45, 45, 45, 45, 45, 45, 45, 45, 45, 45, 45, 45, 45, 197, 197, 197, 197, 197, 197, 197, 197, 197, 197, 197, 197, 197, 197, 197, 197, 197, 214, 214, 194, 194, 194, 194, 
    34, 34, 34, 34, 34, 34, 34, 34, 34, 34, 34, 45, 45, 45, 45, 45, 45, 45, 45, 45, 45, 45, 45, 45, 45, 45, 45, 45, 45, 208, 208, 208, 208, 208, 208, 208, 208, 208, 208, 208, 197, 197, 197, 197, 197, 197, 197, 197, 197, 197, 197, 197, 214, 214, 214, 214, 214, 214, 214, 214, 194, 194, 194, 194, 
    35, 35, 35, 35, 35, 35, 35, 35, 40, 40, 40, 40, 40, 40, 40, 40, 40, 40, 40, 40, 65, 46, 46, 46, 46, 46, 46, 46, 46, 46, 45, 45, 45, 45, 45, 45, 45, 45, 45, 45, 45, 45, 45, 197, 197, 197, 197, 197, 197, 197, 197, 197, 197, 197, 197, 197, 197, 197, 214, 214, 214, 194, 194, 194, 
    36, 36, 36, 36, 36, 36, 39, 39, 39, 39, 39, 39, 40, 40, 40, 47, 47, 47, 47, 47, 47, 47, 47, 46, 46, 46, 46, 46, 46, 46, 46, 46, 46, 45, 45, 45, 45, 45, 45, 45, 45, 45, 45, 45, 197, 197, 197, 197, 197, 197, 197, 197, 197, 197, 197, 197, 197, 197, 214, 214, 214, 194, 194, 194, 
    37, 37, 37, 37, 37, 37, 37, 37, 37, 34, 34, 34, 34, 34, 34, 34, 34, 34, 34, 34, 34, 34, 34, 45, 45, 45, 45, 45, 45, 45, 45, 45, 45, 45, 45, 45, 45, 208, 208, 208, 208, 208, 208, 208, 208, 208, 197, 197, 197, 197, 197, 197, 197, 197, 197, 197, 214, 214, 214, 214, 214, 194, 194, 194, 
    38, 38, 38, 38, 38, 43, 43, 43, 43, 43, 43, 43, 43, 43, 43, 43, 43, 43, 43, 43, 46, 46, 46, 46, 46, 46, 46, 46, 46, 46, 46, 196, 170, 170, 170, 170, 45, 45, 202, 202, 193, 193, 193, 197, 197, 197, 197, 197, 197, 197, 197, 197, 197, 197, 197, 197, 197, 197, 194, 194, 194, 194, 194, 194, 
    39, 39, 39, 39, 39, 39, 47, 47, 47, 47, 47, 47, 47, 47, 47, 47, 47, 47, 46, 46, 46, 46, 46, 46, 46, 46, 46, 46, 46, 46, 45, 45, 45, 45, 45, 45, 45, 45, 45, 45, 45, 197, 197, 197, 197, 197, 197, 197, 197, 197, 197, 197, 197, 197, 197, 197, 197, 197, 214, 194, 194, 194, 194, 194, 
    40, 40, 40, 40, 40, 40, 40, 40, 40, 40, 34, 34, 34, 34, 34, 34, 34, 34, 34, 46, 45, 45, 45, 45, 45, 45, 45, 45, 45, 45, 45, 45, 45, 45, 45, 45, 45, 45, 45, 208, 197, 197, 197, 197, 197, 197, 197, 197, 197, 197, 197, 197, 197, 197, 197, 214, 214, 214, 214, 214, 194, 194, 194, 194, 
    41, 41, 41, 41, 41, 41, 41, 41, 41, 41, 164, 164, 163, 163, 163, 163, 163, 163, 163, 163, 163, 163, 163, 163, 163, 163, 170, 170, 170, 170, 170, 170, 170, 168, 168, 168, 193, 193, 193, 193, 193, 193, 193, 197, 197, 197, 197, 197, 197, 197, 197, 197, 197, 197, 197, 197, 197, 194, 194, 194, 194, 194, 194, 194, 
    42, 42, 42, 42, 42, 42, 40, 40, 40, 40, 40, 40, 40, 40, 40, 40, 40, 34, 34, 34, 34, 34, 34, 34, 34, 34, 34, 45, 45, 45, 45, 45, 45, 45, 45, 45, 45, 45, 45, 45, 45, 45, 208, 208, 208, 208, 197, 197, 197, 197, 197, 197, 197, 197, 197, 214, 214, 214, 214, 214, 214, 194, 194, 194, 
    43, 43, 43, 43, 43, 43, 43, 43, 43, 43, 43, 79, 79, 79, 79, 79, 46, 46, 46, 46, 46, 46, 46, 46, 46, 46, 46, 45, 45, 45, 45, 45, 202, 202, 202, 202, 202, 202, 202, 197, 197, 197, 197, 197, 197, 197, 197, 197, 197, 197, 197, 197, 197, 197, 197, 197, 197, 194, 194, 194, 194, 194, 194, 194, 
    44, 44, 44, 44, 44, 44, 71, 71, 43, 43, 43, 43, 43, 43, 43, 79, 79, 79, 79, 79, 79, 79, 79, 79, 79, 46, 46, 46, 78, 78, 78, 45, 45, 45, 45, 45, 45, 45, 202, 202, 202, 202, 197, 197, 197, 197, 197, 197, 197, 197, 197, 197, 197, 197, 197, 197, 197, 214, 194, 194, 194, 194, 194, 194, 
    45, 45, 45, 45, 45, 45, 45, 45, 45, 45, 45, 45, 45, 45, 45, 45, 45, 45, 45, 45, 197, 197, 197, 197, 197, 197, 197, 197, 197, 197, 197, 197, 197, 197, 197, 197, 197, 197, 197, 197, 197, 197, 197, 197, 197, 197, 197, 197, 197, 197, 197, 214, 214, 214, 214, 214, 214, 194, 194, 194, 194, 194, 194, 194, 
    46, 46, 46, 46, 46, 46, 46, 46, 46, 46, 45, 45, 45, 45, 45, 45, 45, 45, 45, 45, 45, 45, 45, 45, 45, 45, 45, 45, 197, 197, 197, 197, 197, 197, 197, 197, 197, 197, 197, 197, 197, 197, 197, 197, 197, 197, 197, 197, 197, 197, 197, 197, 197, 197, 197, 214, 194, 194, 194, 194, 194, 194, 194, 194, 
    47, 47, 47, 47, 47, 47, 47, 47, 46, 46, 46, 46, 46, 46, 46, 46, 46, 46, 46, 46, 46, 46, 46, 45, 45, 45, 45, 45, 45, 45, 45, 45, 45, 45, 45, 45, 197, 197, 197, 197, 197, 197, 197, 197, 197, 197, 197, 197, 197, 197, 197, 197, 197, 197, 197, 197, 197, 194, 194, 194, 194, 194, 194, 194, 
    48, 48, 48, 48, 48, 48, 48, 48, 54, 54, 54, 54, 54, 54, 54, 54, 54, 54, 54, 54, 54, 34, 34, 34, 34, 34, 34, 89, 89, 89, 89, 89, 89, 89, 89, 89, 89, 89, 208, 208, 208, 208, 208, 208, 208, 208, 208, 208, 208, 208, 208, 208, 214, 214, 214, 214, 214, 214, 214, 214, 214, 214, 194, 194, 
    49, 49, 49, 49, 49, 49, 49, 63, 63, 63, 63, 63, 63, 63, 63, 63, 63, 63, 63, 63, 63, 62, 62, 62, 62, 62, 179, 179, 179, 179, 179, 179, 179, 179, 179, 179, 212, 212, 212, 212, 212, 188, 188, 188, 188, 188, 188, 188, 188, 188, 215, 214, 214, 214, 214, 214, 214, 214, 214, 214, 214, 214, 194, 194, 
    50, 50, 50, 50, 50, 50, 50, 50, 50, 62, 62, 62, 62, 62, 62, 62, 62, 62, 62, 62, 62, 62, 62, 186, 186, 186, 212, 212, 212, 212, 212, 212, 212, 212, 212, 212, 212, 212, 212, 212, 212, 215, 215, 215, 215, 215, 215, 215, 215, 215, 215, 214, 214, 214, 214, 214, 214, 214, 214, 214, 214, 214, 194, 194, 
    51, 51, 51, 51, 51, 60, 60, 60, 60, 60, 60, 60, 59, 59, 59, 59, 59, 59, 59, 59, 59, 59, 59, 59, 59, 59, 89, 89, 89, 89, 89, 89, 89, 89, 89, 89, 89, 89, 208, 208, 208, 208, 208, 208, 208, 208, 208, 208, 208, 208, 214, 214, 214, 214, 214, 214, 214, 214, 214, 214, 214, 214, 194, 194, 
    52, 52, 52, 52, 52, 52, 55, 55, 55, 55, 55, 55, 55, 55, 55, 59, 59, 59, 59, 59, 59, 59, 59, 59, 59, 59, 59, 59, 89, 89, 89, 89, 89, 89, 89, 89, 89, 89, 208, 208, 208, 208, 208, 208, 208, 208, 208, 208, 208, 208, 208, 208, 214, 214, 214, 214, 214, 214, 214, 214, 214, 214, 194, 194, 
    53, 53, 53, 53, 53, 53, 53, 53, 53, 50, 50, 50, 50, 50, 50, 62, 62, 62, 62, 62, 62, 62, 62, 62, 62, 62, 62, 62, 62, 62, 62, 179, 179, 179, 179, 179, 212, 212, 212, 212, 212, 212, 212, 212, 188, 188, 188, 215, 215, 215, 215, 215, 215, 214, 214, 214, 214, 214, 214, 214, 214, 214, 194, 194, 
    54, 54, 54, 54, 54, 54, 54, 54, 54, 59, 59, 59, 59, 59, 59, 59, 89, 89, 89, 89, 89, 89, 89, 89, 89, 89, 89, 89, 89, 89, 89, 89, 89, 208, 208, 208, 208, 208, 208, 208, 208, 208, 208, 208, 208, 208, 208, 208, 208, 214, 214, 214, 214, 214, 214, 214, 214, 214, 214, 214, 214, 194, 194, 194, 
    55, 55, 55, 55, 55, 55, 55, 55, 63, 63, 63, 63, 63, 63, 63, 63, 63, 63, 63, 63, 63, 57, 57, 57, 89, 89, 89, 89, 89, 89, 89, 89, 89, 208, 208, 208, 208, 208, 208, 208, 208, 208, 208, 208, 208, 208, 208, 208, 208, 208, 214, 214, 214, 214, 214, 214, 214, 214, 214, 214, 214, 214, 194, 194, 
    56, 56, 56, 56, 56, 56, 56, 56, 56, 63, 63, 63, 63, 63, 63, 63, 62, 62, 62, 62, 62, 62, 62, 62, 62, 212, 212, 212, 212, 212, 212, 212, 212, 212, 212, 212, 212, 212, 212, 212, 212, 212, 208, 208, 208, 208, 208, 208, 208, 214, 214, 214, 214, 214, 214, 214, 214, 214, 214, 214, 214, 214, 194, 194, 
    57, 57, 57, 57, 57, 57, 57, 57, 57, 57, 57, 57, 176, 176, 176, 176, 176, 176, 176, 176, 176, 176, 176, 188, 188, 188, 188, 182, 182, 182, 182, 188, 182, 182, 182, 182, 182, 182, 182, 182, 182, 182, 182, 197, 197, 197, 197, 197, 197, 197, 197, 197, 214, 214, 214, 214, 214, 214, 214, 214, 194, 194, 194, 194, 
    58, 58, 58, 58, 58, 58, 56, 56, 56, 56, 56, 56, 56, 56, 56, 56, 59, 59, 59, 59, 59, 59, 59, 59, 59, 59, 95, 95, 89, 89, 89, 89, 89, 89, 89, 89, 212, 212, 212, 212, 212, 212, 208, 208, 208, 208, 208, 208, 208, 208, 214, 214, 214, 214, 214, 214, 214, 214, 214, 214, 214, 214, 194, 194, 
    59, 59, 59, 59, 59, 59, 59, 59, 59, 59, 59, 59, 89, 89, 89, 89, 89, 89, 89, 89, 89, 89, 89, 89, 89, 89, 89, 89, 89, 208, 208, 208, 208, 208, 208, 208, 208, 208, 208, 208, 208, 208, 208, 208, 208, 208, 214, 214, 214, 214, 214, 214, 214, 214, 214, 214, 214, 214, 214, 214, 214, 214, 194, 194, 
    60, 60, 60, 60, 60, 60, 59, 59, 59, 59, 59, 59, 59, 59, 59, 59, 59, 59, 59, 59, 89, 89, 89, 89, 89, 89, 89, 89, 89, 89, 89, 89, 89, 89, 89, 208, 208, 208, 208, 208, 208, 208, 208, 208, 208, 208, 208, 208, 214, 214, 214, 214, 214, 214, 214, 214, 214, 214, 214, 214, 214, 214, 194, 194, 
    61, 61, 61, 61, 61, 61, 61, 61, 61, 61, 61, 61, 186, 186, 186, 186, 186, 186, 186, 186, 186, 209, 212, 212, 212, 212, 212, 212, 212, 212, 215, 215, 215, 215, 215, 215, 215, 215, 215, 215, 215, 215, 215, 215, 215, 215, 215, 215, 215, 215, 214, 214, 214, 214, 214, 214, 214, 214, 214, 214, 214, 214, 194, 194, 
    62, 62, 62, 62, 62, 62, 62, 62, 62, 62, 62, 62, 186, 186, 186, 179, 179, 179, 179, 179, 212, 212, 212, 212, 212, 212, 212, 212, 212, 212, 212, 212, 212, 212, 188, 215, 215, 215, 215, 215, 215, 215, 215, 215, 215, 215, 215, 215, 214, 214, 214, 214, 214, 214, 214, 214, 214, 214, 214, 214, 214, 194, 194, 194, 
    63, 63, 63, 63, 63, 63, 63, 63, 63, 63, 63, 63, 63, 62, 62, 62, 62, 179, 179, 179, 179, 179, 179, 179, 179, 179, 179, 179, 179, 212, 212, 212, 212, 212, 188, 208, 208, 188, 188, 188, 188, 188, 188, 188, 188, 188, 188, 188, 214, 214, 214, 214, 214, 214, 214, 214, 214, 214, 214, 214, 214, 214, 194, 194, 
    64, 64, 64, 64, 64, 64, 44, 44, 71, 71, 71, 71, 71, 71, 71, 71, 71, 71, 79, 79, 79, 79, 79, 79, 79, 79, 79, 79, 79, 78, 78, 78, 78, 78, 78, 78, 78, 78, 202, 202, 202, 202, 202, 202, 202, 202, 197, 197, 197, 197, 197, 197, 197, 197, 197, 197, 197, 214, 214, 194, 194, 194, 194, 194, 
    65, 65, 65, 65, 65, 65, 65, 65, 65, 65, 65, 65, 79, 79, 79, 66, 66, 66, 66, 78, 78, 78, 78, 78, 78, 78, 45, 45, 45, 45, 45, 45, 45, 45, 45, 45, 45, 208, 208, 208, 197, 197, 197, 197, 197, 197, 197, 197, 197, 197, 197, 197, 214, 214, 214, 214, 214, 214, 214, 214, 194, 194, 194, 194, 
    66, 66, 66, 66, 66, 66, 66, 66, 66, 66, 66, 66, 66, 77, 77, 77, 77, 77, 77, 77, 77, 77, 77, 77, 77, 77, 77, 77, 77, 77, 77, 77, 77, 208, 208, 208, 214, 214, 214, 214, 214, 214, 214, 214, 214, 214, 214, 214, 214, 214, 214, 214, 214, 214, 214, 214, 214, 214, 214, 214, 194, 194, 194, 194, 
    67, 67, 67, 67, 67, 67, 67, 67, 72, 72, 72, 72, 72, 72, 72, 72, 72, 79, 79, 79, 79, 79, 79, 78, 78, 78, 78, 78, 78, 78, 78, 78, 78, 78, 78, 78, 77, 77, 77, 77, 77, 77, 202, 202, 202, 202, 197, 197, 197, 197, 197, 197, 214, 214, 214, 214, 214, 214, 214, 214, 214, 194, 194, 194, 
    68, 68, 68, 68, 68, 68, 71, 71, 71, 71, 71, 71, 65, 65, 65, 65, 79, 79, 79, 79, 79, 79, 79, 79, 79, 79, 78, 78, 78, 78, 78, 78, 78, 78, 78, 78, 78, 78, 202, 202, 202, 202, 202, 202, 197, 197, 197, 197, 197, 197, 197, 197, 197, 197, 197, 197, 214, 214, 214, 214, 214, 194, 194, 194, 
    69, 69, 69, 69, 69, 69, 69, 69, 69, 69, 69, 69, 66, 66, 66, 66, 66, 66, 66, 66, 89, 89, 89, 89, 89, 89, 89, 89, 89, 89, 89, 89, 89, 208, 208, 208, 208, 208, 208, 208, 208, 208, 208, 208, 208, 208, 214, 214, 214, 214, 214, 214, 214, 214, 214, 214, 214, 214, 214, 214, 214, 194, 194, 194, 
    70, 70, 70, 70, 70, 70, 75, 75, 75, 75, 75, 75, 75, 75, 79, 79, 79, 79, 79, 79, 79, 78, 78, 78, 78, 78, 78, 78, 78, 78, 78, 78, 202, 202, 202, 202, 202, 202, 202, 202, 202, 202, 202, 202, 202, 200, 200, 197, 197, 197, 197, 197, 197, 197, 197, 194, 194, 194, 194, 194, 194, 194, 194, 194, 
    71, 71, 71, 71, 71, 71, 71, 79, 79, 79, 79, 79, 79, 79, 79, 79, 79, 79, 79, 79, 78, 78, 78, 78, 78, 78, 78, 78, 78, 78, 78, 78, 202, 202, 202, 202, 202, 202, 202, 202, 202, 197, 197, 197, 197, 197, 197, 197, 197, 197, 197, 197, 197, 197, 197, 197, 214, 214, 214, 194, 194, 194, 194, 194, 
    72, 72, 72, 72, 72, 72, 72, 72, 72, 72, 66, 66, 66, 66, 66, 66, 66, 66, 66, 78, 78, 78, 78, 78, 78, 78, 77, 77, 77, 77, 77, 77, 77, 77, 77, 77, 77, 77, 77, 77, 77, 77, 197, 197, 197, 214, 214, 214, 214, 214, 214, 214, 214, 214, 214, 214, 214, 214, 214, 214, 194, 194, 194, 194, 
    73, 73, 73, 73, 73, 73, 73, 73, 73, 73, 196, 196, 196, 196, 196, 196, 196, 196, 196, 196, 196, 196, 196, 196, 196, 196, 196, 196, 196, 193, 193, 193, 193, 193, 193, 193, 193, 193, 193, 193, 193, 193, 193, 197, 197, 197, 197, 197, 197, 197, 197, 197, 197, 194, 194, 194, 194, 194, 194, 194, 194, 194, 194, 194, 
    74, 74, 74, 74, 74, 74, 72, 72, 72, 72, 72, 72, 72, 72, 72, 72, 72, 66, 66, 66, 66, 66, 66, 66, 66, 66, 66, 66, 66, 66, 77, 77, 77, 77, 77, 77, 77, 77, 77, 77, 77, 77, 77, 77, 77, 208, 214, 214, 214, 214, 214, 214, 214, 214, 214, 214, 214, 214, 214, 214, 214, 194, 194, 194, 
    75, 75, 75, 75, 75, 75, 75, 75, 75, 75, 75, 79, 79, 78, 78, 78, 78, 78, 78, 78, 78, 78, 78, 78, 78, 78, 78, 78, 202, 202, 202, 202, 202, 202, 202, 202, 202, 202, 202, 202, 202, 202, 202, 200, 200, 200, 197, 197, 197, 197, 197, 197, 197, 214, 214, 194, 194, 194, 194, 194, 194, 194, 194, 194, 
    76, 76, 76, 76, 76, 76, 75, 75, 75, 75, 75, 75, 75, 75, 75, 79, 79, 79, 79, 79, 78, 78, 78, 78, 78, 78, 78, 78, 78, 78, 78, 78, 78, 78, 202, 202, 202, 202, 202, 202, 202, 202, 202, 202, 202, 202, 202, 197, 197, 197, 197, 197, 197, 214, 214, 214, 214, 214, 194, 194, 194, 194, 194, 194, 
    77, 77, 77, 77, 77, 77, 77, 77, 77, 77, 77, 77, 77, 77, 77, 77, 77, 77, 77, 77, 77, 77, 77, 77, 77, 214, 214, 214, 214, 214, 214, 214, 214, 214, 214, 214, 214, 214, 214, 214, 214, 214, 214, 214, 214, 214, 214, 214, 214, 214, 214, 214, 214, 214, 214, 214, 214, 194, 194, 194, 194, 194, 194, 194, 
    78, 78, 78, 78, 78, 78, 78, 78, 78, 78, 78, 78, 202, 202, 202, 202, 202, 202, 202, 202, 202, 202, 202, 202, 202, 202, 202, 202, 202, 202, 202, 202, 202, 197, 197, 197, 197, 197, 197, 197, 197, 197, 197, 197, 214, 214, 214, 214, 214, 214, 214, 214, 214, 214, 214, 214, 194, 194, 194, 194, 194, 194, 194, 194, 
    79, 79, 79, 79, 79, 79, 79, 79, 79, 79, 78, 78, 78, 78, 78, 78, 78, 78, 78, 78, 78, 78, 78, 78, 78, 202, 202, 202, 202, 202, 202, 202, 202, 202, 202, 202, 202, 202, 197, 197, 197, 197, 197, 197, 197, 197, 197, 197, 197, 197, 197, 197, 197, 214, 214, 214, 214, 194, 194, 194, 194, 194, 194, 194, 
    80, 80, 80, 80, 80, 80, 80, 80, 80, 80, 86, 86, 86, 86, 86, 86, 86, 59, 86, 59, 59, 89, 89, 89, 89, 89, 89, 89, 89, 89, 89, 89, 89, 89, 89, 89, 89, 89, 208, 208, 208, 208, 208, 208, 208, 208, 208, 208, 208, 214, 214, 214, 214, 214, 214, 214, 214, 214, 214, 214, 214, 214, 194, 194, 
    81, 81, 81, 81, 81, 81, 81, 81, 95, 95, 95, 95, 95, 95, 95, 95, 95, 95, 95, 95, 95, 95, 95, 95, 95, 95, 212, 212, 212, 212, 212, 212, 212, 212, 212, 212, 212, 212, 212, 212, 212, 212, 208, 208, 208, 208, 214, 214, 214, 214, 214, 214, 214, 214, 214, 214, 214, 214, 214, 214, 214, 214, 194, 194, 
    82, 82, 82, 82, 82, 82, 82, 82, 82, 94, 94, 94, 94, 94, 94, 94, 94, 94, 94, 94, 94, 94, 94, 94, 218, 218, 218, 218, 218, 211, 211, 211, 211, 211, 211, 211, 211, 211, 211, 211, 211, 211, 211, 220, 220, 220, 214, 214, 214, 214, 214, 214, 214, 214, 214, 214, 214, 214, 214, 214, 214, 214, 194, 194, 
    83, 83, 83, 83, 83, 83, 83, 92, 92, 92, 92, 92, 91, 91, 91, 91, 91, 91, 91, 91, 91, 91, 91, 91, 91, 91, 91, 89, 89, 89, 89, 89, 89, 89, 89, 89, 89, 211, 211, 211, 211, 208, 208, 208, 208, 208, 214, 214, 214, 214, 214, 214, 214, 214, 214, 214, 214, 214, 214, 214, 214, 214, 194, 194, 
    84, 84, 84, 84, 84, 84, 87, 87, 87, 87, 87, 87, 87, 87, 87, 87, 87, 87, 87, 59, 95, 95, 95, 95, 89, 89, 89, 89, 89, 89, 89, 89, 89, 89, 89, 89, 89, 89, 208, 208, 208, 208, 208, 208, 208, 208, 208, 208, 208, 214, 214, 214, 214, 214, 214, 214, 214, 214, 214, 214, 214, 214, 194, 194, 
    85, 85, 85, 85, 85, 85, 85, 85, 85, 85, 81, 81, 81, 95, 95, 95, 95, 95, 95, 94, 94, 94, 94, 94, 94, 94, 94, 94, 94, 94, 212, 212, 212, 212, 212, 212, 212, 212, 212, 212, 212, 212, 212, 212, 211, 211, 215, 215, 214, 214, 214, 214, 214, 214, 214, 214, 214, 214, 214, 214, 214, 214, 194, 194, 
    86, 86, 86, 86, 86, 86, 86, 86, 86, 86, 86, 86, 91, 91, 66, 66, 66, 66, 66, 66, 89, 89, 89, 89, 89, 89, 89, 89, 89, 89, 89, 89, 89, 208, 208, 208, 208, 208, 208, 208, 208, 208, 214, 214, 214, 214, 214, 214, 214, 214, 214, 214, 214, 214, 214, 214, 214, 214, 214, 214, 214, 194, 194, 194, 
    87, 87, 87, 87, 87, 87, 87, 87, 87, 87, 95, 95, 95, 95, 95, 95, 95, 95, 89, 89, 89, 89, 89, 89, 89, 89, 89, 89, 89, 89, 89, 89, 89, 208, 208, 208, 208, 208, 208, 208, 208, 208, 208, 208, 208, 208, 214, 214, 214, 214, 214, 214, 214, 214, 214, 214, 214, 214, 214, 214, 214, 214, 194, 194, 
    88, 88, 88, 88, 88, 88, 88, 88, 95, 95, 95, 95, 95, 95, 95, 95, 95, 95, 95, 95, 95, 94, 94, 94, 94, 94, 211, 211, 211, 211, 211, 211, 211, 211, 211, 211, 211, 211, 211, 211, 211, 211, 211, 211, 220, 214, 214, 214, 214, 214, 214, 214, 214, 214, 214, 214, 214, 214, 214, 214, 214, 214, 194, 194, 
    89, 89, 89, 89, 89, 89, 89, 89, 89, 89, 89, 89, 208, 208, 208, 208, 208, 208, 208, 208, 208, 208, 208, 208, 208, 208, 208, 208, 208, 208, 208, 208, 208, 208, 208, 208, 214, 214, 214, 214, 214, 214, 214, 214, 214, 214, 214, 214, 214, 214, 214, 214, 214, 214, 214, 214, 214, 214, 214, 214, 194, 194, 194, 194, 
    90, 90, 90, 90, 90, 90, 88, 88, 88, 88, 88, 88, 88, 88, 88, 95, 95, 95, 95, 95, 95, 95, 95, 95, 95, 95, 95, 95, 95, 95, 95, 211, 211, 211, 211, 211, 211, 211, 211, 211, 211, 211, 211, 211, 211, 211, 220, 220, 214, 214, 214, 214, 214, 214, 214, 214, 214, 214, 214, 214, 214, 214, 194, 194, 
    91, 91, 91, 91, 91, 91, 91, 91, 91, 91, 91, 91, 91, 91, 121, 121, 121, 121, 121, 121, 121, 121, 121, 121, 121, 121, 121, 121, 211, 211, 211, 211, 211, 211, 211, 220, 220, 220, 220, 220, 214, 214, 214, 214, 214, 214, 214, 214, 214, 214, 214, 214, 214, 214, 214, 214, 214, 214, 214, 214, 214, 214, 194, 194, 
    92, 92, 92, 92, 92, 92, 91, 91, 91, 91, 91, 91, 91, 91, 91, 91, 91, 91, 91, 91, 91, 91, 91, 121, 121, 121, 121, 121, 121, 121, 121, 121, 121, 121, 121, 211, 211, 211, 211, 211, 220, 220, 220, 214, 214, 214, 214, 214, 214, 214, 214, 214, 214, 214, 214, 214, 214, 214, 214, 214, 214, 214, 194, 194, 
    93, 93, 93, 93, 93, 93, 93, 93, 93, 93, 218, 218, 218, 218, 218, 218, 218, 218, 218, 218, 218, 218, 218, 218, 218, 218, 218, 218, 211, 211, 211, 211, 211, 211, 211, 220, 220, 220, 220, 220, 220, 220, 220, 219, 219, 219, 219, 214, 214, 214, 214, 214, 214, 214, 214, 214, 214, 214, 214, 214, 214, 214, 194, 194, 
    94, 94, 94, 94, 94, 94, 94, 94, 94, 94, 94, 94, 218, 218, 218, 211, 211, 211, 211, 211, 211, 211, 211, 211, 211, 211, 211, 211, 211, 211, 211, 211, 211, 211, 211, 211, 220, 220, 220, 220, 214, 214, 214, 214, 214, 214, 214, 214, 214, 214, 214, 214, 214, 214, 214, 214, 214, 214, 214, 214, 214, 194, 194, 194, 
    95, 95, 95, 95, 95, 95, 95, 95, 95, 95, 95, 95, 95, 95, 95, 95, 95, 89, 211, 211, 211, 211, 211, 211, 211, 211, 211, 211, 211, 211, 211, 211, 211, 211, 211, 211, 211, 211, 211, 208, 214, 214, 214, 214, 214, 214, 214, 214, 214, 214, 214, 214, 214, 214, 214, 214, 214, 214, 214, 214, 214, 214, 194, 194, 
    96, 96, 96, 96, 96, 76, 76, 76, 76, 76, 103, 103, 103, 103, 75, 75, 75, 75, 75, 75, 75, 75, 75, 75, 78, 78, 78, 78, 78, 78, 78, 78, 78, 78, 78, 78, 78, 202, 202, 202, 202, 202, 202, 202, 202, 202, 202, 202, 202, 200, 197, 197, 214, 214, 214, 214, 214, 214, 214, 194, 194, 194, 194, 194, 
    97, 97, 97, 97, 97, 97, 97, 97, 97, 97, 97, 97, 66, 66, 66, 66, 66, 66, 66, 78, 77, 77, 77, 77, 77, 77, 77, 77, 77, 77, 77, 77, 77, 77, 77, 77, 77, 77, 77, 77, 77, 77, 77, 214, 214, 214, 214, 214, 214, 214, 214, 214, 214, 214, 214, 214, 214, 214, 214, 214, 194, 194, 194, 194, 
    98, 98, 98, 98, 98, 98, 98, 98, 98, 98, 98, 98, 98, 98, 121, 121, 121, 121, 121, 121, 121, 121, 121, 77, 77, 77, 77, 240, 240, 240, 240, 240, 240, 240, 240, 240, 240, 240, 240, 240, 229, 229, 214, 214, 214, 214, 214, 214, 214, 214, 214, 214, 214, 214, 214, 214, 214, 214, 214, 214, 194, 194, 194, 194, 
    99, 99, 99, 99, 99, 99, 99, 99, 104, 104, 104, 104, 104, 104, 111, 111, 111, 111, 111, 111, 111, 111, 111, 111, 111, 111, 111, 110, 78, 77, 77, 77, 77, 77, 77, 77, 77, 77, 77, 77, 77, 77, 77, 77, 77, 77, 229, 229, 229, 229, 214, 214, 214, 214, 214, 214, 214, 214, 214, 214, 214, 194, 194, 194, 
    100, 100, 100, 100, 100, 100, 103, 103, 103, 103, 103, 103, 97, 97, 97, 97, 97, 97, 97, 97, 97, 78, 78, 78, 78, 78, 78, 78, 78, 78, 78, 78, 78, 77, 77, 77, 77, 77, 77, 77, 77, 77, 77, 77, 77, 77, 202, 202, 214, 214, 214, 214, 214, 214, 214, 214, 214, 214, 214, 214, 214, 194, 194, 194, 
    101, 101, 101, 101, 101, 101, 101, 101, 101, 101, 101, 66, 66, 66, 66, 66, 66, 66, 66, 66, 66, 77, 77, 77, 77, 77, 77, 77, 77, 77, 77, 77, 77, 77, 77, 77, 77, 77, 77, 77, 240, 214, 214, 214, 214, 214, 214, 214, 214, 214, 214, 214, 214, 214, 214, 214, 214, 214, 214, 214, 214, 194, 194, 194, 
    102, 102, 102, 102, 102, 102, 102, 107, 107, 107, 107, 111, 111, 111, 111, 111, 111, 111, 111, 111, 111, 111, 111, 111, 111, 110, 110, 110, 228, 228, 228, 228, 202, 202, 202, 202, 202, 202, 202, 202, 202, 202, 202, 202, 202, 229, 229, 229, 229, 229, 229, 229, 229, 214, 214, 194, 194, 194, 194, 194, 194, 194, 194, 194, 
    103, 103, 103, 103, 103, 103, 103, 103, 103, 111, 111, 111, 111, 111, 111, 111, 111, 78, 78, 78, 78, 78, 78, 78, 78, 78, 78, 78, 78, 77, 77, 77, 77, 77, 77, 77, 77, 77, 202, 202, 202, 202, 202, 202, 202, 229, 229, 214, 214, 214, 214, 214, 214, 214, 214, 214, 214, 214, 214, 194, 194, 194, 194, 194, 
    104, 104, 104, 104, 104, 104, 104, 104, 104, 104, 98, 98, 98, 98, 98, 98, 98, 98, 98, 110, 110, 110, 110, 77, 77, 77, 77, 77, 77, 77, 77, 77, 77, 77, 77, 77, 77, 77, 77, 77, 77, 77, 229, 229, 229, 229, 229, 214, 214, 214, 214, 214, 214, 214, 214, 214, 214, 214, 214, 214, 194, 194, 194, 194, 
    105, 105, 105, 105, 105, 105, 105, 105, 105, 105, 228, 228, 228, 228, 228, 228, 228, 228, 228, 228, 228, 228, 228, 228, 195, 195, 202, 202, 202, 202, 202, 202, 202, 200, 200, 200, 200, 200, 200, 200, 200, 200, 200, 200, 200, 200, 200, 200, 194, 194, 194, 194, 194, 194, 194, 194, 194, 194, 194, 194, 194, 194, 194, 194, 
    106, 106, 106, 106, 106, 106, 104, 104, 104, 104, 104, 104, 104, 104, 97, 97, 97, 97, 98, 98, 98, 98, 98, 98, 98, 98, 98, 77, 77, 77, 77, 77, 77, 77, 77, 77, 77, 77, 77, 77, 77, 77, 77, 77, 77, 77, 229, 214, 214, 214, 214, 214, 214, 214, 214, 214, 214, 214, 214, 214, 214, 194, 194, 194, 
    107, 107, 107, 107, 107, 107, 107, 107, 111, 111, 111, 111, 111, 111, 111, 111, 110, 110, 110, 110, 110, 110, 110, 110, 110, 110, 110, 110, 234, 234, 234, 234, 77, 77, 77, 77, 202, 202, 202, 202, 229, 229, 229, 229, 229, 229, 229, 229, 229, 229, 229, 229, 214, 214, 214, 194, 194, 194, 194, 194, 194, 194, 194, 194, 
    108, 108, 108, 108, 108, 108, 107, 107, 107, 107, 107, 107, 111, 111, 111, 111, 111, 111, 111, 111, 111, 111, 111, 111, 110, 110, 110, 110, 110, 110, 110, 110, 77, 77, 77, 77, 77, 77, 77, 77, 77, 77, 77, 77, 229, 229, 229, 229, 229, 229, 229, 229, 214, 214, 214, 214, 214, 214, 194, 194, 194, 194, 194, 194, 
    109, 109, 109, 109, 109, 109, 109, 109, 109, 109, 109, 109, 109, 109, 109, 109, 109, 109, 240, 240, 229, 229, 229, 229, 229, 229, 229, 229, 229, 229, 229, 229, 229, 229, 229, 229, 229, 229, 229, 229, 229, 229, 229, 229, 229, 229, 214, 214, 214, 214, 214, 214, 214, 214, 214, 214, 214, 194, 194, 194, 194, 194, 194, 194, 
    110, 110, 110, 110, 110, 110, 110, 110, 110, 110, 110, 110, 110, 234, 234, 234, 234, 234, 234, 234, 234, 77, 77, 77, 77, 77, 229, 229, 229, 229, 229, 229, 229, 229, 229, 229, 229, 229, 229, 229, 229, 229, 229, 229, 229, 229, 229, 214, 214, 214, 214, 214, 214, 214, 214, 214, 194, 194, 194, 194, 194, 194, 194, 194, 
    111, 111, 111, 111, 111, 111, 111, 111, 111, 111, 111, 110, 110, 110, 110, 110, 110, 110, 77, 77, 77, 77, 77, 77, 77, 77, 77, 77, 77, 77, 77, 77, 77, 77, 77, 77, 77, 202, 229, 229, 229, 229, 229, 229, 229, 229, 229, 214, 214, 214, 214, 214, 214, 214, 214, 214, 214, 194, 194, 194, 194, 194, 194, 194, 
    112, 112, 112, 112, 112, 112, 112, 112, 92, 92, 92, 86, 86, 86, 91, 91, 91, 91, 91, 91, 91, 91, 91, 91, 121, 121, 121, 121, 121, 121, 121, 121, 121, 121, 121, 121, 121, 121, 240, 240, 240, 240, 240, 240, 214, 214, 214, 214, 214, 214, 214, 214, 214, 214, 214, 214, 214, 214, 214, 214, 214, 214, 194, 194, 
    113, 113, 113, 113, 113, 113, 113, 113, 113, 127, 127, 127, 127, 127, 127, 127, 127, 127, 127, 94, 94, 94, 94, 94, 94, 94, 211, 211, 211, 211, 211, 211, 211, 211, 211, 211, 211, 211, 211, 211, 211, 220, 220, 220, 220, 220, 220, 220, 214, 214, 214, 214, 214, 214, 214, 214, 214, 214, 214, 214, 214, 214, 194, 194, 
    114, 114, 114, 114, 114, 114, 114, 114, 114, 126, 126, 126, 126, 126, 126, 126, 126, 126, 126, 126, 126, 126, 126, 126, 244, 244, 244, 244, 244, 244, 244, 244, 244, 244, 244, 244, 244, 244, 244, 220, 220, 220, 220, 220, 220, 220, 220, 220, 220, 220, 214, 214, 214, 214, 214, 214, 214, 214, 214, 214, 214, 214, 194, 194, 
    115, 115, 115, 115, 115, 115, 115, 115, 119, 119, 119, 119, 119, 119, 119, 119, 119, 119, 127, 127, 127, 127, 127, 127, 121, 121, 121, 121, 121, 121, 121, 121, 121, 121, 121, 121, 121, 121, 240, 240, 240, 240, 240, 240, 240, 220, 220, 220, 220, 214, 214, 214, 214, 214, 214, 214, 214, 214, 214, 214, 214, 214, 194, 194, 
    116, 116, 116, 116, 116, 116, 119, 119, 119, 119, 119, 119, 119, 119, 91, 91, 91, 91, 91, 91, 91, 91, 91, 91, 91, 91, 121, 121, 121, 121, 121, 121, 121, 121, 121, 121, 121, 121, 211, 211, 211, 211, 220, 220, 220, 220, 220, 214, 214, 214, 214, 214, 214, 214, 214, 214, 214, 214, 214, 214, 214, 214, 194, 194, 
    117, 117, 117, 117, 117, 117, 117, 117, 117, 117, 113, 82, 82, 82, 82, 94, 94, 94, 94, 94, 94, 94, 94, 94, 94, 94, 94, 94, 94, 94, 94, 211, 211, 211, 211, 211, 211, 211, 211, 211, 211, 211, 211, 211, 220, 220, 220, 220, 220, 220, 214, 214, 214, 214, 214, 214, 214, 214, 214, 214, 214, 214, 194, 194, 
    118, 118, 118, 118, 118, 118, 118, 118, 118, 118, 118, 118, 98, 98, 121, 121, 121, 121, 121, 121, 121, 121, 121, 121, 121, 121, 121, 121, 121, 121, 121, 121, 121, 240, 240, 240, 240, 240, 240, 240, 240, 240, 240, 240, 220, 214, 214, 214, 214, 214, 214, 214, 214, 214, 214, 214, 214, 214, 214, 214, 214, 194, 194, 194, 
    119, 119, 119, 119, 119, 119, 119, 91, 91, 91, 91, 91, 91, 91, 91, 91, 91, 91, 91, 121, 121, 121, 121, 121, 121, 121, 121, 121, 121, 121, 121, 121, 121, 211, 211, 211, 211, 211, 220, 220, 220, 220, 220, 220, 220, 214, 214, 214, 214, 214, 214, 214, 214, 214, 214, 214, 214, 214, 214, 214, 214, 214, 194, 194, 
    120, 120, 120, 120, 120, 120, 120, 127, 127, 127, 127, 127, 127, 127, 127, 127, 127, 127, 127, 127, 127, 127, 127, 127, 127, 244, 244, 244, 244, 244, 244, 244, 244, 244, 244, 244, 244, 244, 244, 220, 220, 220, 220, 220, 220, 220, 220, 220, 220, 214, 214, 214, 214, 214, 214, 214, 214, 214, 214, 214, 214, 214, 194, 194, 
    121, 121, 121, 121, 121, 121, 121, 121, 121, 121, 121, 121, 240, 240, 240, 240, 240, 240, 240, 240, 240, 240, 240, 240, 240, 240, 240, 240, 240, 240, 220, 220, 214, 214, 214, 214, 214, 214, 214, 214, 214, 214, 214, 214, 214, 214, 214, 214, 214, 214, 214, 214, 214, 214, 214, 214, 214, 214, 214, 214, 194, 194, 194, 194, 
    122, 122, 122, 122, 122, 122, 120, 120, 120, 120, 120, 120, 120, 120, 127, 127, 127, 127, 127, 127, 127, 127, 127, 127, 127, 127, 127, 127, 127, 121, 121, 121, 121, 121, 121, 121, 244, 244, 244, 244, 244, 211, 220, 220, 220, 220, 220, 220, 220, 220, 214, 214, 214, 214, 214, 214, 214, 214, 214, 214, 214, 214, 194, 194, 
    123, 123, 123, 123, 123, 123, 123, 123, 123, 123, 123, 123, 123, 123, 121, 121, 121, 121, 121, 121, 121, 121, 121, 121, 121, 121, 121, 121, 121, 240, 240, 240, 240, 240, 240, 240, 240, 240, 240, 240, 240, 240, 220, 220, 220, 220, 214, 214, 214, 214, 214, 214, 214, 214, 214, 214, 214, 214, 214, 214, 214, 214, 194, 194, 
    124, 124, 124, 124, 124, 124, 118, 123, 123, 123, 123, 123, 123, 123, 123, 123, 123, 123, 123, 123, 121, 121, 121, 121, 121, 121, 121, 121, 121, 121, 121, 121, 121, 121, 121, 240, 240, 240, 240, 240, 240, 240, 240, 240, 240, 220, 220, 220, 214, 214, 214, 214, 214, 214, 214, 214, 214, 214, 214, 214, 214, 214, 194, 194, 
    125, 125, 125, 125, 125, 125, 125, 125, 250, 250, 250, 250, 250, 250, 250, 250, 250, 250, 250, 250, 250, 250, 250, 250, 250, 244, 244, 244, 244, 244, 247, 247, 247, 247, 247, 247, 247, 247, 247, 247, 247, 247, 247, 247, 219, 219, 219, 219, 219, 219, 219, 219, 219, 219, 219, 214, 214, 214, 214, 214, 214, 214, 194, 194, 
    126, 126, 126, 126, 126, 126, 126, 126, 126, 126, 126, 126, 250, 250, 244, 244, 244, 244, 244, 244, 244, 244, 244, 244, 244, 244, 244, 244, 244, 244, 244, 244, 244, 220, 220, 220, 220, 220, 220, 220, 220, 220, 220, 220, 220, 220, 214, 214, 214, 214, 214, 214, 214, 214, 214, 214, 214, 214, 214, 214, 214, 194, 194, 194, 
    127, 127, 127, 127, 127, 127, 127, 127, 127, 127, 127, 127, 127, 127, 127, 121, 121, 121, 121, 244, 244, 244, 244, 244, 244, 244, 244, 244, 244, 244, 244, 244, 244, 220, 220, 220, 220, 220, 220, 220, 220, 220, 220, 220, 220, 214, 214, 214, 214, 214, 214, 214, 214, 214, 214, 214, 214, 214, 214, 214, 214, 214, 194, 194, 
    128, 128, 128, 128, 128, 128, 128, 128, 131, 131, 131, 131, 131, 131, 131, 131, 140, 140, 140, 140, 140, 167, 167, 167, 167, 167, 161, 161, 161, 161, 161, 161, 161, 161, 168, 168, 168, 168, 168, 168, 168, 168, 168, 168, 168, 162, 197, 197, 197, 197, 197, 197, 197, 197, 197, 197, 197, 197, 194, 194, 194, 194, 194, 194, 
    129, 129, 129, 129, 129, 129, 129, 136, 136, 136, 136, 136, 136, 136, 136, 136, 136, 136, 136, 136, 165, 165, 165, 165, 165, 165, 165, 165, 165, 165, 165, 165, 165, 165, 162, 162, 162, 162, 162, 162, 162, 162, 162, 162, 162, 162, 162, 162, 162, 162, 197, 197, 197, 197, 197, 197, 197, 194, 194, 194, 194, 194, 194, 194, 
    130, 130, 130, 130, 130, 130, 130, 130, 130, 130, 130, 130, 130, 130, 130, 130, 130, 165, 162, 162, 162, 162, 162, 162, 162, 162, 162, 162, 162, 162, 162, 162, 162, 162, 162, 162, 162, 162, 162, 162, 162, 162, 162, 162, 162, 162, 162, 162, 162, 162, 197, 197, 197, 194, 194, 194, 194, 194, 194, 194, 194, 194, 194, 194, 
    131, 131, 131, 131, 131, 131, 131, 131, 131, 164, 164, 164, 164, 164, 161, 161, 161, 161, 161, 161, 161, 161, 161, 161, 161, 161, 168, 168, 168, 168, 168, 168, 168, 168, 168, 168, 168, 168, 168, 168, 197, 197, 197, 197, 197, 197, 197, 197, 197, 197, 197, 197, 197, 197, 197, 197, 197, 194, 194, 194, 194, 194, 194, 194, 
    132, 132, 132, 132, 132, 132, 132, 131, 131, 131, 131, 131, 138, 138, 138, 138, 138, 136, 136, 136, 136, 161, 161, 161, 161, 161, 161, 161, 161, 161, 161, 161, 161, 161, 168, 168, 168, 168, 168, 168, 168, 162, 162, 162, 162, 162, 197, 197, 197, 197, 197, 197, 197, 197, 197, 197, 197, 197, 194, 194, 194, 194, 194, 194, 
    133, 133, 133, 133, 133, 133, 133, 133, 133, 133, 133, 133, 130, 130, 130, 130, 130, 165, 165, 165, 165, 165, 165, 165, 165, 165, 165, 165, 165, 165, 165, 165, 165, 165, 162, 162, 162, 162, 162, 162, 162, 162, 162, 162, 162, 162, 162, 162, 162, 162, 197, 197, 197, 197, 197, 197, 197, 194, 194, 194, 194, 194, 194, 194, 
    134, 134, 134, 134, 134, 134, 139, 139, 139, 139, 139, 139, 167, 167, 167, 167, 167, 167, 167, 167, 167, 167, 167, 167, 175, 175, 175, 175, 175, 168, 168, 168, 168, 168, 168, 168, 168, 168, 168, 168, 168, 162, 162, 162, 162, 197, 197, 197, 197, 197, 197, 197, 197, 197, 197, 194, 194, 194, 194, 194, 194, 194, 194, 194, 
    135, 135, 135, 135, 135, 135, 135, 135, 135, 136, 136, 136, 136, 136, 136, 136, 136, 136, 136, 136, 136, 161, 161, 161, 161, 161, 161, 161, 161, 161, 161, 161, 161, 161, 168, 162, 162, 162, 162, 162, 162, 162, 162, 162, 162, 162, 162, 162, 162, 162, 197, 197, 197, 197, 197, 197, 197, 194, 194, 194, 194, 194, 194, 194, 
    136, 136, 136, 136, 136, 136, 136, 136, 136, 161, 161, 161, 161, 161, 161, 161, 161, 161, 161, 165, 165, 165, 165, 165, 165, 165, 165, 165, 162, 162, 162, 162, 162, 162, 162, 162, 162, 162, 162, 162, 162, 162, 162, 162, 162, 197, 197, 197, 197, 197, 197, 197, 197, 197, 197, 194, 194, 194, 194, 194, 194, 194, 194, 194, 
    137, 137, 137, 137, 137, 137, 137, 137, 137, 137, 137, 137, 137, 143, 143, 143, 142, 142, 142, 142, 142, 142, 142, 142, 175, 175, 175, 175, 175, 175, 175, 175, 174, 174, 174, 174, 174, 174, 174, 174, 174, 162, 162, 162, 162, 162, 162, 162, 162, 162, 162, 162, 162, 162, 194, 194, 194, 194, 194, 194, 194, 194, 194, 194, 
    138, 138, 138, 138, 138, 138, 138, 138, 138, 138, 138, 138, 161, 161, 161, 161, 161, 161, 161, 165, 165, 165, 165, 165, 165, 165, 165, 165, 165, 165, 165, 165, 165, 168, 168, 162, 197, 197, 197, 197, 197, 197, 197, 197, 197, 197, 197, 197, 197, 197, 197, 197, 197, 197, 197, 197, 197, 194, 194, 194, 194, 194, 194, 194, 
    139, 139, 139, 139, 139, 139, 139, 139, 139, 167, 167, 167, 167, 175, 175, 175, 175, 175, 175, 175, 175, 175, 175, 175, 175, 175, 175, 175, 168, 168, 168, 168, 168, 168, 162, 162, 162, 162, 162, 162, 162, 162, 162, 162, 162, 162, 197, 197, 197, 197, 197, 197, 197, 194, 194, 194, 194, 194, 194, 194, 194, 194, 194, 194, 
    140, 140, 140, 140, 140, 140, 167, 167, 167, 167, 167, 167, 167, 167, 167, 167, 167, 167, 167, 161, 161, 168, 168, 168, 168, 168, 168, 168, 168, 168, 168, 168, 168, 168, 168, 168, 168, 168, 168, 168, 197, 197, 197, 197, 197, 197, 197, 197, 197, 197, 197, 197, 197, 197, 197, 194, 194, 194, 194, 194, 194, 194, 194, 194, 
    141, 141, 141, 141, 141, 141, 141, 141, 141, 141, 141, 141, 141, 141, 141, 141, 141, 185, 185, 185, 185, 162, 162, 162, 162, 162, 162, 162, 162, 162, 162, 162, 162, 162, 162, 162, 162, 162, 162, 162, 162, 162, 162, 162, 217, 217, 217, 217, 217, 217, 217, 217, 217, 217, 194, 194, 194, 194, 194, 194, 194, 194, 194, 194, 
    142, 142, 142, 142, 142, 142, 142, 142, 142, 142, 142, 142, 142, 142, 141, 141, 141, 141, 141, 141, 174, 174, 162, 162, 162, 162, 162, 162, 162, 162, 162, 162, 162, 162, 162, 162, 162, 162, 162, 162, 162, 162, 162, 162, 162, 162, 162, 162, 162, 162, 162, 162, 194, 194, 194, 194, 194, 194, 194, 194, 194, 194, 194, 194, 
    143, 143, 143, 143, 143, 143, 143, 143, 143, 143, 143, 143, 143, 136, 136, 136, 161, 161, 161, 161, 161, 161, 161, 161, 161, 175, 162, 162, 162, 162, 162, 162, 162, 162, 162, 162, 162, 162, 162, 162, 162, 162, 162, 162, 162, 162, 162, 162, 162, 162, 162, 197, 197, 197, 194, 194, 194, 194, 194, 194, 194, 194, 194, 194, 
    144, 144, 144, 144, 144, 144, 144, 144, 144, 144, 150, 150, 150, 150, 150, 150, 150, 150, 150, 150, 156, 156, 156, 156, 156, 176, 176, 176, 176, 182, 182, 182, 182, 182, 182, 182, 182, 182, 182, 182, 182, 182, 182, 182, 182, 182, 182, 182, 182, 182, 187, 187, 187, 197, 197, 197, 197, 214, 214, 194, 194, 194, 194, 194, 
    145, 145, 145, 145, 145, 145, 145, 152, 152, 152, 152, 152, 152, 152, 152, 152, 152, 152, 152, 183, 183, 183, 183, 183, 183, 183, 183, 183, 183, 183, 183, 183, 183, 183, 183, 191, 187, 187, 187, 187, 187, 187, 187, 187, 187, 187, 187, 187, 187, 187, 187, 187, 187, 187, 187, 187, 187, 214, 214, 214, 194, 194, 194, 194, 
    146, 146, 146, 146, 146, 146, 146, 146, 146, 146, 146, 146, 146, 146, 177, 177, 191, 191, 191, 191, 191, 191, 191, 191, 191, 191, 191, 191, 191, 191, 191, 191, 191, 191, 191, 191, 191, 187, 187, 187, 187, 187, 187, 187, 187, 187, 187, 187, 187, 187, 187, 187, 187, 187, 187, 187, 187, 214, 214, 214, 194, 194, 194, 194, 
    147, 147, 147, 147, 147, 147, 147, 147, 156, 156, 156, 156, 156, 156, 156, 156, 156, 156, 183, 183, 183, 183, 183, 183, 183, 183, 182, 182, 182, 182, 182, 182, 182, 182, 182, 182, 182, 182, 182, 182, 182, 182, 187, 187, 187, 187, 187, 187, 187, 187, 187, 187, 187, 187, 187, 214, 214, 214, 214, 214, 194, 194, 194, 194, 
    148, 148, 148, 148, 148, 148, 148, 147, 147, 147, 147, 147, 147, 147, 156, 156, 156, 156, 156, 156, 156, 156, 156, 156, 156, 156, 156, 183, 183, 183, 183, 183, 182, 182, 182, 182, 182, 182, 182, 182, 182, 182, 182, 182, 182, 182, 187, 187, 187, 187, 187, 187, 187, 187, 187, 187, 187, 214, 214, 214, 194, 194, 194, 194, 
    149, 149, 149, 149, 149, 149, 149, 149, 149, 152, 152, 152, 152, 152, 152, 152, 152, 152, 152, 152, 152, 177, 177, 177, 177, 177, 177, 177, 177, 191, 191, 191, 191, 191, 191, 191, 191, 191, 191, 187, 187, 187, 187, 187, 187, 187, 187, 187, 187, 187, 187, 187, 187, 187, 187, 187, 187, 187, 214, 214, 214, 194, 194, 194, 
    150, 150, 150, 150, 150, 150, 150, 150, 150, 150, 150, 150, 150, 150, 155, 155, 155, 155, 165, 182, 182, 182, 182, 182, 182, 182, 182, 182, 182, 182, 182, 182, 182, 182, 182, 182, 182, 182, 182, 182, 182, 182, 187, 187, 187, 187, 187, 187, 187, 187, 187, 187, 187, 197, 197, 194, 194, 194, 194, 194, 194, 194, 194, 194, 
    151, 151, 151, 151, 151, 151, 151, 151, 151, 151, 151, 155, 155, 155, 155, 155, 155, 155, 155, 155, 155, 155, 155, 155, 155, 155, 155, 155, 183, 183, 183, 183, 182, 182, 182, 182, 182, 182, 182, 182, 187, 187, 187, 187, 187, 187, 187, 187, 187, 187, 187, 187, 187, 187, 187, 187, 187, 214, 194, 194, 194, 194, 194, 194, 
    152, 152, 152, 152, 152, 152, 152, 152, 152, 177, 177, 177, 177, 177, 177, 183, 183, 183, 183, 183, 183, 183, 183, 183, 183, 183, 183, 191, 191, 191, 187, 187, 187, 187, 187, 187, 187, 187, 187, 187, 187, 187, 187, 187, 187, 187, 187, 187, 187, 187, 187, 187, 187, 187, 187, 187, 214, 214, 214, 214, 194, 194, 194, 194, 
    153, 153, 153, 153, 153, 153, 153, 153, 153, 153, 153, 153, 153, 153, 185, 185, 185, 185, 185, 185, 185, 185, 185, 185, 185, 185, 185, 185, 185, 185, 185, 185, 185, 185, 185, 185, 185, 162, 162, 162, 162, 162, 162, 162, 162, 162, 162, 162, 217, 217, 217, 217, 217, 217, 217, 217, 217, 194, 194, 194, 194, 194, 194, 194, 
    154, 154, 154, 154, 154, 154, 154, 154, 154, 154, 154, 180, 180, 180, 180, 180, 180, 180, 183, 183, 183, 183, 183, 183, 183, 183, 183, 183, 183, 183, 183, 188, 188, 188, 188, 187, 187, 187, 187, 187, 187, 187, 187, 187, 187, 187, 187, 187, 187, 187, 187, 187, 187, 187, 187, 187, 214, 214, 214, 214, 214, 194, 194, 194, 
    155, 155, 155, 155, 155, 155, 155, 155, 155, 155, 155, 155, 155, 155, 155, 155, 155, 155, 182, 182, 182, 182, 182, 182, 182, 182, 187, 187, 187, 187, 187, 187, 187, 187, 187, 187, 187, 187, 187, 187, 187, 187, 187, 187, 187, 187, 187, 187, 187, 187, 187, 187, 187, 187, 214, 214, 194, 194, 194, 194, 194, 194, 194, 194, 
    156, 156, 156, 156, 156, 156, 156, 156, 156, 156, 156, 156, 183, 183, 183, 183, 183, 182, 182, 182, 182, 182, 182, 182, 182, 182, 182, 182, 182, 182, 182, 182, 182, 182, 182, 182, 182, 182, 187, 187, 187, 187, 187, 187, 187, 187, 187, 187, 187, 187, 187, 187, 187, 187, 214, 214, 214, 214, 194, 194, 194, 194, 194, 194, 
    157, 157, 157, 157, 157, 157, 157, 157, 157, 157, 157, 157, 157, 190, 190, 190, 190, 190, 190, 190, 190, 190, 190, 190, 190, 190, 190, 190, 190, 190, 190, 190, 190, 190, 190, 190, 191, 187, 187, 187, 187, 187, 187, 187, 187, 187, 187, 187, 187, 187, 217, 217, 217, 217, 217, 217, 217, 217, 217, 194, 194, 194, 194, 194, 
    158, 158, 158, 158, 158, 158, 158, 158, 158, 158, 158, 158, 158, 158, 158, 191, 191, 191, 191, 191, 191, 191, 191, 191, 191, 191, 191, 191, 191, 191, 191, 191, 191, 191, 191, 187, 187, 187, 187, 187, 187, 187, 187, 187, 187, 187, 187, 187, 187, 187, 187, 187, 187, 217, 217, 217, 217, 217, 194, 194, 194, 194, 194, 194, 
    159, 159, 159, 159, 159, 159, 159, 159, 159, 159, 155, 155, 155, 155, 155, 155, 155, 155, 155, 155, 155, 155, 155, 155, 191, 191, 191, 191, 191, 191, 191, 191, 187, 187, 187, 187, 187, 187, 187, 187, 187, 187, 187, 187, 187, 187, 187, 187, 187, 187, 187, 187, 187, 187, 187, 187, 187, 194, 194, 194, 194, 194, 194, 194, 
    160, 160, 160, 160, 160, 160, 160, 160, 160, 164, 164, 164, 163, 163, 163, 163, 163, 163, 163, 163, 163, 163, 163, 168, 168, 168, 168, 168, 168, 168, 168, 168, 168, 168, 168, 168, 193, 193, 193, 193, 193, 193, 193, 197, 197, 197, 197, 197, 197, 197, 197, 197, 197, 197, 197, 194, 194, 194, 194, 194, 194, 194, 194, 194, 
    161, 161, 161, 161, 161, 161, 161, 161, 161, 161, 161, 161, 168, 168, 168, 168, 168, 168, 168, 168, 168, 168, 168, 168, 168, 162, 162, 162, 162, 162, 162, 162, 162, 162, 162, 162, 197, 197, 197, 197, 197, 197, 197, 197, 197, 197, 197, 197, 197, 197, 197, 197, 197, 194, 194, 194, 194, 194, 194, 194, 194, 194, 194, 194, 
    162, 162, 162, 162, 162, 162, 162, 162, 162, 162, 162, 162, 162, 162, 162, 162, 162, 162, 162, 162, 162, 162, 162, 162, 162, 162, 162, 162, 162, 162, 162, 162, 162, 162, 162, 162, 197, 197, 197, 194, 194, 194, 194, 194, 194, 194, 194, 194, 194, 194, 194, 194, 194, 194, 194, 194, 194, 194, 194, 194, 194, 194, 194, 194, 
    163, 163, 163, 163, 163, 163, 163, 163, 163, 163, 163, 163, 170, 170, 170, 170, 170, 168, 168, 168, 193, 193, 193, 193, 193, 193, 193, 193, 193, 193, 193, 193, 193, 193, 193, 197, 197, 197, 197, 197, 197, 197, 197, 197, 197, 197, 197, 197, 197, 197, 197, 197, 197, 194, 194, 194, 194, 194, 194, 194, 194, 194, 194, 194, 
    164, 164, 164, 164, 164, 164, 164, 164, 164, 164, 164, 164, 170, 170, 170, 170, 170, 168, 168, 168, 168, 168, 168, 168, 168, 168, 168, 168, 168, 168, 168, 168, 168, 168, 168, 197, 197, 197, 197, 197, 197, 197, 197, 197, 197, 197, 197, 197, 197, 197, 197, 197, 197, 197, 197, 194, 194, 194, 194, 194, 194, 194, 194, 194, 
    165, 165, 165, 165, 165, 165, 165, 165, 165, 165, 165, 165, 165, 165, 165, 165, 165, 165, 162, 162, 162, 162, 162, 162, 162, 162, 162, 162, 162, 162, 162, 162, 162, 162, 162, 162, 197, 197, 197, 197, 197, 197, 197, 197, 197, 197, 197, 197, 197, 197, 197, 197, 197, 194, 194, 194, 194, 194, 194, 194, 194, 194, 194, 194, 
    166, 166, 166, 166, 166, 166, 166, 166, 171, 171, 171, 171, 171, 171, 171, 171, 171, 171, 171, 199, 199, 199, 199, 199, 199, 199, 193, 193, 193, 193, 193, 193, 193, 193, 193, 193, 193, 193, 193, 193, 193, 193, 193, 197, 197, 197, 197, 197, 197, 194, 194, 194, 194, 194, 194, 194, 194, 194, 194, 194, 194, 194, 194, 194, 
    167, 167, 167, 167, 167, 167, 167, 167, 167, 167, 167, 167, 168, 168, 168, 168, 168, 168, 168, 168, 168, 168, 168, 168, 168, 168, 168, 168, 168, 168, 168, 168, 168, 168, 168, 162, 197, 197, 197, 197, 197, 197, 197, 197, 197, 197, 197, 197, 197, 197, 197, 197, 197, 194, 194, 194, 194, 194, 194, 194, 194, 194, 194, 194, 
    168, 168, 168, 168, 168, 168, 168, 168, 168, 168, 168, 168, 168, 168, 168, 168, 168, 168, 168, 197, 197, 197, 197, 197, 197, 197, 197, 197, 197, 197, 197, 197, 197, 197, 197, 197, 197, 197, 197, 197, 197, 197, 197, 197, 197, 197, 197, 197, 197, 194, 194, 194, 194, 194, 194, 194, 194, 194, 194, 194, 194, 194, 194, 194, 
    169, 169, 169, 169, 169, 169, 169, 169, 169, 169, 169, 169, 169, 169, 169, 175, 175, 175, 175, 175, 175, 174, 174, 174, 174, 174, 174, 174, 174, 174, 174, 174, 174, 174, 174, 174, 174, 174, 174, 174, 162, 162, 162, 162, 162, 162, 162, 194, 194, 194, 194, 194, 194, 194, 194, 194, 194, 194, 194, 194, 194, 194, 194, 194, 
    170, 170, 170, 170, 170, 170, 170, 170, 170, 170, 170, 170, 170, 170, 170, 170, 170, 168, 168, 197, 197, 197, 197, 197, 197, 197, 197, 197, 197, 197, 197, 197, 197, 197, 197, 197, 197, 197, 197, 197, 197, 197, 197, 197, 197, 197, 197, 197, 197, 197, 197, 197, 197, 194, 194, 194, 194, 194, 194, 194, 194, 194, 194, 194, 
    171, 171, 171, 171, 171, 171, 171, 171, 171, 171, 171, 171, 171, 171, 199, 199, 199, 207, 207, 207, 207, 207, 193, 193, 193, 193, 193, 193, 193, 193, 193, 193, 193, 193, 193, 193, 193, 193, 193, 197, 194, 194, 194, 194, 194, 194, 194, 194, 194, 194, 194, 194, 194, 194, 194, 194, 194, 194, 194, 194, 194, 194, 194, 194, 
    172, 172, 172, 172, 172, 172, 172, 172, 172, 199, 199, 199, 199, 199, 199, 199, 199, 199, 199, 193, 193, 193, 193, 193, 193, 193, 193, 193, 193, 193, 193, 193, 193, 193, 193, 193, 193, 193, 193, 193, 197, 197, 197, 197, 197, 197, 197, 197, 194, 194, 194, 194, 194, 194, 194, 194, 194, 194, 194, 194, 194, 194, 194, 194, 
    173, 173, 173, 173, 173, 173, 173, 173, 173, 173, 173, 173, 173, 173, 173, 173, 173, 173, 173, 173, 173, 173, 173, 173, 173, 173, 217, 217, 217, 217, 217, 217, 217, 217, 217, 217, 217, 217, 217, 217, 217, 217, 194, 194, 194, 194, 194, 194, 194, 194, 194, 194, 194, 194, 194, 194, 194, 194, 194, 194, 194, 194, 194, 194, 
    174, 174, 174, 174, 174, 174, 174, 174, 174, 174, 174, 174, 174, 174, 174, 174, 174, 174, 174, 174, 173, 173, 162, 173, 162, 162, 162, 162, 162, 162, 162, 162, 162, 162, 162, 162, 162, 162, 194, 194, 194, 194, 194, 194, 194, 194, 194, 194, 194, 194, 194, 194, 194, 194, 194, 194, 194, 194, 194, 194, 194, 194, 194, 194, 
    175, 175, 175, 175, 175, 175, 175, 175, 175, 175, 175, 175, 175, 175, 175, 175, 175, 175, 175, 162, 162, 162, 162, 162, 162, 162, 162, 162, 162, 162, 162, 162, 162, 162, 162, 162, 162, 162, 162, 162, 197, 197, 197, 197, 197, 197, 194, 194, 194, 194, 194, 194, 194, 194, 194, 194, 194, 194, 194, 194, 194, 194, 194, 194, 
    176, 176, 176, 176, 176, 176, 176, 176, 176, 176, 176, 176, 176, 176, 176, 182, 182, 182, 182, 182, 182, 182, 182, 182, 182, 182, 182, 182, 182, 182, 182, 182, 182, 182, 182, 182, 182, 182, 182, 182, 182, 182, 182, 197, 197, 197, 197, 197, 197, 197, 197, 197, 214, 214, 214, 214, 214, 214, 214, 194, 194, 194, 194, 194, 
    177, 177, 177, 177, 177, 177, 177, 177, 177, 177, 177, 177, 184, 184, 184, 184, 191, 184, 191, 191, 191, 191, 191, 187, 187, 187, 187, 187, 187, 187, 187, 187, 187, 187, 187, 187, 187, 187, 187, 187, 187, 187, 187, 187, 187, 187, 187, 187, 187, 187, 187, 187, 187, 187, 214, 214, 214, 214, 214, 214, 194, 194, 194, 194, 
    178, 178, 178, 178, 178, 178, 178, 178, 178, 178, 178, 178, 178, 178, 178, 178, 178, 178, 190, 190, 190, 190, 223, 223, 223, 223, 223, 223, 223, 223, 223, 223, 223, 223, 223, 223, 223, 223, 223, 223, 223, 223, 223, 223, 223, 223, 223, 223, 223, 223, 223, 223, 187, 219, 214, 214, 214, 214, 214, 214, 194, 194, 194, 194, 
    179, 179, 179, 179, 179, 179, 179, 179, 179, 179, 188, 188, 188, 188, 188, 188, 188, 188, 188, 188, 188, 188, 188, 188, 188, 188, 188, 188, 188, 188, 188, 188, 188, 188, 188, 215, 215, 215, 215, 215, 215, 215, 187, 214, 214, 214, 214, 214, 214, 214, 214, 214, 214, 214, 214, 214, 214, 214, 214, 214, 194, 194, 194, 194, 
    180, 180, 180, 180, 180, 180, 180, 180, 180, 180, 180, 180, 179, 179, 179, 179, 179, 179, 179, 188, 188, 188, 188, 188, 188, 188, 188, 188, 188, 188, 188, 188, 188, 188, 188, 188, 187, 187, 187, 187, 187, 187, 187, 187, 187, 187, 187, 187, 187, 187, 187, 214, 214, 214, 214, 214, 214, 214, 214, 214, 194, 194, 194, 194, 
    181, 181, 181, 181, 181, 181, 181, 181, 181, 181, 177, 177, 184, 184, 184, 184, 184, 184, 184, 184, 184, 184, 184, 184, 184, 184, 184, 184, 184, 184, 184, 187, 187, 187, 187, 187, 187, 187, 187, 187, 187, 187, 187, 187, 187, 187, 187, 187, 187, 187, 187, 187, 187, 187, 187, 214, 214, 214, 214, 214, 214, 194, 194, 194, 
    182, 182, 182, 182, 182, 182, 182, 182, 182, 182, 182, 182, 182, 182, 182, 182, 182, 182, 182, 182, 182, 182, 182, 182, 182, 182, 187, 187, 187, 187, 187, 187, 187, 187, 187, 187, 187, 187, 187, 197, 197, 197, 197, 197, 214, 214, 214, 214, 214, 214, 214, 214, 214, 214, 194, 194, 194, 194, 194, 194, 194, 194, 194, 194, 
    183, 183, 183, 183, 183, 183, 183, 183, 183, 183, 183, 183, 183, 183, 183, 183, 182, 182, 187, 187, 187, 187, 187, 187, 187, 187, 187, 187, 187, 187, 187, 187, 187, 187, 187, 187, 187, 187, 187, 187, 187, 187, 187, 187, 187, 187, 187, 187, 187, 187, 187, 187, 187, 214, 214, 214, 214, 214, 194, 194, 194, 194, 194, 194, 
    184, 184, 184, 184, 184, 184, 184, 184, 184, 184, 184, 184, 184, 184, 184, 184, 215, 215, 215, 215, 215, 215, 215, 215, 215, 215, 215, 215, 215, 215, 215, 215, 215, 215, 187, 187, 187, 187, 187, 187, 187, 187, 187, 187, 187, 187, 187, 187, 187, 214, 214, 214, 214, 214, 214, 214, 214, 214, 214, 214, 194, 194, 194, 194, 
    185, 185, 185, 185, 185, 185, 185, 185, 185, 185, 185, 185, 185, 185, 185, 185, 185, 185, 185, 185, 185, 185, 185, 162, 217, 217, 217, 217, 217, 217, 217, 217, 217, 217, 217, 217, 217, 217, 217, 217, 217, 217, 217, 217, 217, 217, 217, 217, 217, 217, 217, 217, 217, 217, 194, 194, 194, 194, 194, 194, 194, 194, 194, 194, 
    186, 186, 186, 186, 186, 186, 186, 186, 186, 186, 186, 186, 186, 186, 179, 179, 179, 179, 215, 215, 215, 215, 215, 215, 215, 215, 215, 215, 215, 215, 215, 215, 215, 215, 215, 215, 215, 215, 215, 215, 215, 215, 215, 215, 215, 215, 215, 215, 214, 214, 214, 214, 214, 214, 214, 214, 214, 214, 214, 214, 214, 194, 194, 194, 
    187, 187, 187, 187, 187, 187, 187, 187, 187, 187, 187, 187, 187, 187, 187, 187, 187, 187, 187, 187, 187, 187, 187, 187, 187, 187, 187, 187, 187, 187, 187, 187, 187, 187, 187, 187, 187, 187, 187, 187, 187, 187, 187, 214, 214, 214, 214, 214, 214, 214, 214, 214, 214, 214, 214, 214, 194, 194, 194, 194, 194, 194, 194, 194, 
    188, 188, 188, 188, 188, 188, 188, 188, 188, 188, 188, 188, 188, 188, 188, 188, 188, 188, 188, 188, 188, 188, 188, 188, 188, 188, 187, 187, 187, 187, 187, 187, 187, 187, 187, 214, 214, 214, 214, 214, 214, 214, 214, 214, 214, 214, 214, 214, 214, 214, 214, 214, 214, 214, 214, 214, 214, 214, 194, 194, 194, 194, 194, 194, 
    189, 189, 189, 189, 189, 189, 189, 189, 189, 189, 189, 189, 189, 189, 190, 190, 190, 190, 190, 190, 190, 190, 190, 190, 190, 223, 223, 223, 223, 223, 223, 223, 223, 223, 223, 223, 223, 223, 223, 223, 223, 223, 223, 223, 223, 223, 223, 223, 217, 217, 217, 217, 217, 217, 217, 217, 219, 194, 194, 194, 194, 194, 194, 194, 
    190, 190, 190, 190, 190, 190, 190, 190, 190, 190, 190, 190, 190, 190, 190, 190, 190, 190, 190, 190, 190, 190, 190, 223, 223, 223, 223, 223, 223, 223, 223, 223, 223, 223, 223, 223, 187, 223, 187, 217, 217, 217, 217, 217, 217, 217, 217, 217, 217, 217, 217, 217, 217, 217, 217, 214, 194, 194, 194, 194, 194, 194, 194, 194, 
    191, 191, 191, 191, 191, 191, 191, 191, 191, 191, 191, 191, 191, 191, 191, 191, 187, 187, 187, 187, 187, 187, 187, 187, 187, 187, 187, 187, 187, 187, 187, 187, 187, 187, 187, 187, 187, 187, 187, 187, 187, 187, 187, 187, 187, 187, 187, 187, 187, 187, 187, 187, 214, 214, 214, 214, 214, 194, 194, 194, 194, 194, 194, 194, 
    192, 192, 192, 192, 192, 192, 192, 192, 192, 196, 196, 196, 196, 196, 196, 196, 196, 196, 199, 199, 199, 199, 199, 199, 199, 199, 193, 193, 193, 193, 193, 193, 193, 193, 193, 193, 193, 193, 193, 193, 193, 193, 193, 197, 197, 197, 197, 197, 197, 194, 194, 194, 194, 194, 194, 194, 194, 194, 194, 194, 194, 194, 194, 194, 
    193, 193, 193, 193, 193, 193, 193, 193, 193, 193, 193, 193, 193, 193, 193, 193, 193, 193, 193, 197, 197, 197, 197, 197, 197, 197, 197, 197, 197, 197, 197, 197, 197, 197, 197, 197, 197, 197, 197, 194, 194, 194, 194, 194, 194, 194, 194, 194, 194, 194, 194, 194, 194, 194, 194, 194, 194, 194, 194, 194, 194, 194, 194, 194, 
    194, 194, 194, 194, 194, 194, 194, 194, 194, 194, 194, 194, 194, 194, 194, 194, 194, 194, 194, 194, 194, 194, 194, 194, 194, 194, 194, 194, 194, 194, 194, 194, 194, 194, 194, 194, 194, 194, 194, 194, 194, 194, 194, 194, 194, 194, 194, 194, 194, 194, 194, 194, 194, 194, 194, 194, 194, 194, 194, 194, 194, 194, 194, 194, 
    195, 195, 195, 195, 195, 195, 195, 195, 195, 195, 195, 195, 202, 202, 202, 202, 202, 200, 200, 200, 200, 200, 200, 200, 200, 200, 200, 200, 200, 200, 200, 200, 200, 200, 200, 200, 200, 200, 200, 200, 200, 194, 194, 194, 194, 194, 194, 194, 194, 194, 194, 194, 194, 194, 194, 194, 194, 194, 194, 194, 194, 194, 194, 194, 
    196, 196, 196, 196, 196, 196, 196, 196, 196, 196, 196, 196, 196, 196, 193, 193, 193, 193, 193, 193, 193, 193, 193, 193, 193, 193, 193, 193, 193, 193, 193, 193, 193, 193, 193, 197, 197, 197, 197, 197, 197, 197, 197, 197, 197, 197, 197, 197, 197, 194, 194, 194, 194, 194, 194, 194, 194, 194, 194, 194, 194, 194, 194, 194, 
    197, 197, 197, 197, 197, 197, 197, 197, 197, 197, 197, 197, 197, 197, 197, 197, 197, 197, 197, 197, 197, 197, 197, 197, 197, 197, 197, 197, 197, 197, 197, 197, 197, 197, 197, 197, 197, 197, 197, 194, 194, 194, 194, 194, 194, 194, 194, 194, 194, 194, 194, 194, 194, 194, 194, 194, 194, 194, 194, 194, 194, 194, 194, 194, 
    198, 198, 198, 198, 198, 198, 198, 198, 198, 198, 203, 203, 203, 203, 203, 203, 203, 203, 203, 203, 207, 207, 207, 207, 200, 200, 200, 200, 200, 200, 200, 200, 200, 200, 200, 200, 200, 200, 200, 200, 200, 194, 194, 194, 194, 194, 194, 194, 194, 194, 194, 194, 194, 194, 194, 194, 194, 194, 194, 194, 194, 194, 194, 194, 
    199, 199, 199, 199, 199, 199, 199, 199, 199, 199, 199, 199, 193, 193, 193, 193, 193, 193, 193, 193, 193, 193, 193, 193, 193, 193, 193, 193, 193, 193, 193, 193, 193, 193, 193, 197, 197, 197, 197, 194, 194, 194, 194, 194, 194, 194, 194, 194, 194, 194, 194, 194, 194, 194, 194, 194, 194, 194, 194, 194, 194, 194, 194, 194, 
    200, 200, 200, 200, 200, 200, 200, 200, 200, 200, 200, 200, 200, 200, 200, 200, 200, 200, 200, 200, 200, 200, 200, 200, 200, 194, 194, 194, 194, 194, 194, 194, 194, 194, 194, 194, 194, 194, 194, 194, 194, 194, 194, 194, 194, 194, 194, 194, 194, 194, 194, 194, 194, 194, 194, 194, 194, 194, 194, 194, 194, 194, 194, 194, 
    201, 201, 201, 201, 201, 201, 201, 201, 201, 201, 201, 201, 201, 201, 201, 201, 207, 207, 207, 207, 207, 207, 207, 207, 207, 207, 207, 207, 207, 207, 207, 207, 207, 206, 206, 206, 206, 206, 206, 206, 206, 194, 194, 194, 194, 194, 194, 194, 194, 194, 194, 194, 194, 194, 194, 194, 194, 194, 194, 194, 194, 194, 194, 194, 
    202, 202, 202, 202, 202, 202, 202, 202, 202, 202, 202, 202, 202, 202, 202, 202, 202, 200, 200, 200, 200, 200, 200, 200, 200, 200, 200, 200, 200, 200, 200, 197, 197, 197, 197, 197, 197, 197, 197, 194, 194, 194, 194, 194, 194, 194, 194, 194, 194, 194, 194, 194, 194, 194, 194, 194, 194, 194, 194, 194, 194, 194, 194, 194, 
    203, 203, 203, 203, 203, 203, 203, 203, 203, 203, 203, 203, 203, 203, 203, 203, 207, 207, 207, 207, 207, 200, 200, 200, 200, 200, 200, 200, 200, 200, 200, 200, 200, 200, 194, 194, 194, 194, 194, 194, 194, 194, 194, 194, 194, 194, 194, 194, 194, 194, 194, 194, 194, 194, 194, 194, 194, 194, 194, 194, 194, 194, 194, 194, 
    204, 204, 204, 204, 204, 204, 204, 204, 204, 204, 204, 204, 204, 204, 231, 200, 200, 200, 200, 200, 200, 200, 200, 200, 200, 200, 200, 200, 200, 200, 200, 200, 200, 200, 200, 200, 200, 200, 200, 200, 200, 194, 194, 194, 194, 194, 194, 194, 194, 194, 194, 194, 194, 194, 194, 194, 194, 194, 194, 194, 194, 194, 194, 194, 
    205, 205, 205, 205, 205, 205, 205, 205, 205, 205, 205, 205, 205, 205, 205, 205, 205, 205, 205, 205, 205, 205, 205, 205, 205, 205, 205, 194, 194, 194, 194, 194, 194, 194, 194, 194, 194, 194, 194, 194, 194, 194, 194, 194, 194, 194, 194, 194, 194, 194, 194, 194, 194, 194, 194, 194, 194, 194, 194, 194, 194, 194, 194, 194, 
    206, 206, 206, 206, 206, 206, 206, 206, 206, 206, 206, 206, 206, 206, 206, 206, 206, 206, 206, 206, 206, 206, 194, 194, 194, 194, 194, 194, 194, 194, 194, 194, 194, 194, 194, 194, 194, 194, 194, 194, 194, 194, 194, 194, 194, 194, 194, 194, 194, 194, 194, 194, 194, 194, 194, 194, 194, 194, 194, 194, 194, 194, 194, 194, 
    207, 207, 207, 207, 207, 207, 207, 207, 207, 207, 207, 207, 207, 207, 207, 207, 207, 207, 207, 207, 207, 207, 207, 194, 194, 194, 194, 194, 194, 194, 194, 194, 194, 194, 194, 194, 194, 194, 194, 194, 194, 194, 194, 194, 194, 194, 194, 194, 194, 194, 194, 194, 194, 194, 194, 194, 194, 194, 194, 194, 194, 194, 194, 194, 
    208, 208, 208, 208, 208, 208, 208, 208, 208, 208, 208, 208, 208, 208, 208, 208, 208, 208, 208, 208, 208, 208, 208, 208, 208, 214, 214, 214, 214, 214, 214, 214, 214, 214, 214, 214, 214, 214, 214, 214, 214, 214, 214, 214, 214, 214, 214, 214, 214, 214, 214, 214, 214, 214, 214, 214, 214, 214, 214, 194, 194, 194, 194, 194, 
    209, 209, 209, 209, 209, 209, 209, 209, 209, 209, 209, 209, 209, 209, 209, 215, 215, 215, 215, 215, 215, 215, 215, 215, 215, 215, 215, 215, 215, 215, 215, 215, 215, 215, 215, 215, 215, 215, 215, 215, 215, 215, 215, 214, 214, 214, 214, 214, 214, 214, 214, 214, 214, 214, 214, 214, 214, 214, 214, 214, 194, 194, 194, 194, 
    210, 210, 210, 210, 210, 210, 210, 210, 210, 210, 210, 210, 210, 210, 210, 210, 210, 223, 223, 223, 223, 223, 223, 223, 223, 223, 223, 223, 223, 223, 223, 223, 223, 223, 223, 223, 223, 223, 223, 223, 223, 223, 223, 223, 219, 219, 219, 219, 219, 219, 219, 219, 219, 219, 219, 219, 219, 214, 214, 214, 194, 194, 194, 194, 
    211, 211, 211, 211, 211, 211, 211, 211, 211, 211, 211, 211, 211, 211, 211, 211, 220, 220, 220, 220, 220, 220, 220, 220, 220, 214, 214, 214, 214, 214, 214, 214, 214, 214, 214, 214, 214, 214, 214, 214, 214, 214, 214, 214, 214, 214, 214, 214, 214, 214, 214, 214, 214, 214, 214, 214, 214, 214, 214, 214, 194, 194, 194, 194, 
    212, 212, 212, 212, 212, 212, 212, 212, 212, 212, 212, 212, 212, 212, 212, 212, 212, 212, 215, 215, 215, 215, 215, 215, 215, 215, 215, 215, 215, 215, 215, 215, 214, 214, 214, 214, 214, 214, 214, 214, 214, 214, 214, 214, 214, 214, 214, 214, 214, 214, 214, 214, 214, 214, 214, 214, 214, 214, 214, 214, 194, 194, 194, 194, 
    213, 213, 213, 213, 213, 213, 213, 213, 213, 213, 209, 209, 209, 209, 209, 209, 209, 209, 209, 209, 209, 209, 209, 209, 209, 209, 209, 223, 223, 223, 223, 223, 223, 223, 223, 223, 223, 223, 223, 223, 223, 223, 223, 223, 223, 223, 223, 219, 219, 219, 219, 219, 214, 214, 214, 214, 214, 214, 214, 214, 214, 194, 194, 194, 
    214, 214, 214, 214, 214, 214, 214, 214, 214, 214, 214, 214, 214, 214, 214, 214, 214, 214, 214, 214, 214, 214, 214, 214, 214, 214, 214, 214, 214, 214, 214, 214, 214, 214, 214, 214, 214, 214, 214, 214, 214, 214, 214, 214, 214, 214, 214, 214, 214, 214, 214, 214, 214, 214, 194, 194, 194, 194, 194, 194, 194, 194, 194, 194, 
    215, 215, 215, 215, 215, 215, 215, 215, 215, 215, 215, 215, 215, 215, 215, 215, 215, 215, 215, 215, 215, 215, 215, 215, 215, 215, 215, 215, 215, 215, 215, 215, 214, 214, 214, 214, 214, 214, 214, 214, 214, 214, 214, 214, 214, 214, 214, 214, 214, 214, 214, 214, 214, 214, 214, 214, 214, 214, 194, 194, 194, 194, 194, 194, 
    216, 216, 216, 216, 216, 216, 216, 216, 216, 216, 216, 216, 216, 216, 216, 216, 216, 216, 216, 216, 223, 223, 223, 223, 223, 219, 219, 219, 219, 219, 219, 219, 219, 219, 219, 219, 219, 219, 219, 219, 219, 219, 219, 219, 219, 219, 219, 219, 219, 219, 214, 214, 214, 214, 214, 214, 214, 214, 214, 214, 194, 194, 194, 194, 
    217, 217, 217, 217, 217, 217, 217, 217, 217, 217, 217, 217, 217, 217, 217, 217, 217, 217, 217, 217, 217, 217, 217, 217, 217, 217, 217, 217, 217, 217, 217, 217, 217, 217, 217, 217, 217, 217, 217, 217, 217, 217, 217, 217, 217, 217, 194, 194, 194, 194, 194, 194, 194, 194, 194, 194, 194, 194, 194, 194, 194, 194, 194, 194, 
    218, 218, 218, 218, 218, 218, 218, 218, 218, 218, 218, 218, 218, 218, 211, 211, 211, 211, 211, 211, 211, 211, 211, 211, 211, 211, 211, 220, 220, 220, 220, 220, 220, 220, 219, 214, 214, 214, 214, 214, 214, 214, 214, 214, 214, 214, 214, 214, 214, 214, 214, 214, 214, 214, 214, 214, 214, 214, 214, 214, 214, 194, 194, 194, 
    219, 219, 219, 219, 219, 219, 219, 219, 219, 219, 219, 219, 219, 219, 219, 219, 219, 219, 219, 219, 219, 219, 219, 219, 219, 219, 219, 219, 219, 219, 219, 219, 219, 219, 219, 219, 219, 219, 219, 219, 219, 214, 214, 214, 214, 214, 214, 214, 214, 214, 214, 214, 214, 214, 214, 214, 194, 194, 194, 194, 194, 194, 194, 194, 
    220, 220, 220, 220, 220, 220, 220, 220, 220, 220, 220, 220, 220, 220, 220, 220, 220, 214, 214, 214, 214, 214, 214, 214, 214, 214, 214, 214, 214, 214, 214, 214, 214, 214, 214, 214, 214, 214, 214, 214, 214, 214, 214, 214, 214, 214, 214, 214, 214, 214, 214, 214, 214, 214, 214, 214, 214, 214, 194, 194, 194, 194, 194, 194, 
    221, 221, 221, 221, 221, 221, 221, 221, 221, 221, 222, 222, 222, 222, 222, 222, 222, 222, 222, 222, 222, 222, 222, 222, 222, 222, 222, 222, 222, 222, 222, 222, 222, 222, 223, 223, 223, 223, 223, 223, 223, 223, 223, 223, 219, 219, 219, 219, 219, 219, 219, 219, 219, 219, 219, 219, 219, 219, 194, 194, 194, 194, 194, 194, 
    222, 222, 222, 222, 222, 222, 222, 222, 222, 222, 222, 222, 222, 222, 222, 222, 222, 222, 222, 223, 223, 223, 223, 223, 223, 223, 223, 223, 223, 223, 223, 223, 223, 223, 223, 223, 223, 223, 223, 223, 219, 219, 219, 219, 219, 219, 219, 219, 219, 219, 219, 219, 219, 219, 219, 219, 219, 194, 194, 194, 194, 194, 194, 194, 
    223, 223, 223, 223, 223, 223, 223, 223, 223, 223, 223, 223, 223, 223, 223, 223, 223, 223, 223, 223, 223, 223, 223, 223, 223, 223, 223, 223, 223, 223, 223, 223, 223, 219, 219, 219, 219, 219, 219, 219, 219, 219, 219, 219, 219, 219, 219, 219, 219, 214, 214, 214, 214, 214, 214, 214, 214, 194, 194, 194, 194, 194, 194, 194, 
    224, 224, 224, 224, 224, 224, 224, 224, 204, 204, 204, 204, 204, 204, 204, 204, 204, 204, 204, 231, 231, 231, 231, 231, 231, 231, 200, 200, 200, 200, 200, 200, 200, 200, 200, 200, 200, 200, 200, 200, 200, 200, 200, 200, 200, 194, 194, 194, 194, 194, 194, 194, 194, 194, 194, 194, 194, 194, 194, 194, 194, 194, 194, 194, 
    225, 225, 225, 225, 225, 225, 225, 225, 225, 225, 225, 225, 225, 225, 225, 225, 225, 225, 225, 229, 229, 229, 229, 229, 229, 229, 229, 229, 229, 194, 194, 194, 194, 194, 194, 194, 194, 194, 194, 194, 194, 194, 194, 194, 194, 194, 194, 194, 194, 194, 194, 194, 194, 194, 194, 194, 194, 194, 194, 194, 194, 194, 194, 194, 
    226, 226, 226, 226, 226, 226, 226, 226, 226, 226, 226, 226, 226, 226, 226, 226, 226, 226, 226, 226, 226, 226, 226, 226, 226, 226, 226, 229, 229, 194, 194, 194, 194, 194, 194, 194, 194, 194, 194, 194, 194, 194, 194, 194, 194, 194, 194, 194, 194, 194, 194, 194, 194, 194, 194, 194, 194, 194, 194, 194, 194, 194, 194, 194, 
    227, 227, 227, 227, 227, 227, 227, 227, 227, 227, 227, 227, 234, 234, 234, 225, 225, 225, 225, 225, 225, 225, 225, 225, 225, 225, 225, 225, 225, 225, 225, 225, 225, 225, 225, 229, 229, 229, 229, 229, 229, 229, 229, 229, 229, 194, 194, 194, 194, 194, 194, 194, 194, 194, 194, 194, 194, 194, 194, 194, 194, 194, 194, 194, 
    228, 228, 228, 228, 228, 228, 228, 228, 228, 228, 228, 228, 228, 228, 225, 225, 225, 225, 225, 225, 225, 225, 225, 225, 200, 200, 200, 200, 200, 200, 200, 200, 200, 200, 200, 200, 200, 200, 200, 200, 200, 194, 194, 194, 194, 194, 194, 194, 194, 194, 194, 194, 194, 194, 194, 194, 194, 194, 194, 194, 194, 194, 194, 194, 
    229, 229, 229, 229, 229, 229, 229, 229, 229, 229, 229, 229, 229, 229, 229, 229, 229, 229, 229, 229, 229, 229, 229, 229, 229, 229, 229, 229, 229, 194, 194, 194, 194, 194, 194, 194, 194, 194, 194, 194, 194, 194, 194, 194, 194, 194, 194, 194, 194, 194, 194, 194, 194, 194, 194, 194, 194, 194, 194, 194, 194, 194, 194, 194, 
    230, 230, 230, 230, 230, 230, 230, 230, 230, 230, 230, 231, 231, 231, 231, 231, 231, 231, 231, 231, 231, 231, 231, 231, 231, 231, 225, 225, 225, 225, 225, 225, 225, 225, 225, 225, 225, 225, 225, 225, 225, 194, 194, 194, 194, 194, 194, 194, 194, 194, 194, 194, 194, 194, 194, 194, 194, 194, 194, 194, 194, 194, 194, 194, 
    231, 231, 231, 231, 231, 231, 231, 231, 231, 231, 231, 231, 225, 225, 225, 225, 225, 225, 225, 225, 225, 225, 225, 225, 200, 200, 200, 200, 200, 200, 200, 200, 200, 200, 200, 194, 194, 194, 194, 194, 194, 194, 194, 194, 194, 194, 194, 194, 194, 194, 194, 194, 194, 194, 194, 194, 194, 194, 194, 194, 194, 194, 194, 194, 
    232, 232, 232, 232, 232, 232, 232, 232, 232, 232, 232, 232, 232, 232, 225, 225, 225, 225, 225, 229, 229, 229, 229, 229, 229, 229, 229, 229, 229, 229, 229, 229, 229, 229, 229, 229, 229, 229, 229, 229, 194, 194, 194, 194, 194, 194, 194, 194, 194, 194, 194, 194, 194, 194, 194, 194, 194, 194, 194, 194, 194, 194, 194, 194, 
    233, 233, 233, 233, 233, 233, 233, 233, 233, 233, 233, 233, 233, 233, 233, 233, 233, 233, 233, 206, 206, 206, 206, 206, 206, 206, 206, 206, 206, 206, 206, 206, 206, 206, 206, 206, 206, 206, 206, 206, 206, 194, 194, 194, 194, 194, 194, 194, 194, 194, 194, 194, 194, 194, 194, 194, 194, 194, 194, 194, 194, 194, 194, 194, 
    234, 234, 234, 234, 234, 234, 234, 234, 234, 234, 234, 234, 234, 234, 234, 225, 225, 225, 225, 229, 229, 229, 229, 229, 229, 229, 229, 229, 229, 229, 229, 229, 229, 229, 229, 229, 229, 229, 229, 229, 229, 229, 229, 229, 229, 194, 194, 194, 194, 194, 194, 194, 194, 194, 194, 194, 194, 194, 194, 194, 194, 194, 194, 194, 
    235, 235, 235, 235, 235, 235, 235, 235, 235, 235, 239, 239, 239, 239, 239, 239, 239, 239, 239, 239, 239, 239, 239, 239, 239, 239, 239, 239, 239, 239, 225, 225, 225, 225, 225, 225, 225, 225, 225, 194, 194, 194, 194, 194, 194, 194, 194, 194, 194, 194, 194, 194, 194, 194, 194, 194, 194, 194, 194, 194, 194, 194, 194, 194, 
    236, 236, 236, 236, 236, 236, 236, 236, 236, 236, 236, 236, 227, 232, 232, 232, 232, 232, 232, 232, 232, 232, 225, 225, 225, 225, 225, 225, 225, 225, 225, 225, 225, 225, 225, 225, 225, 225, 225, 225, 229, 229, 229, 229, 229, 194, 194, 194, 194, 194, 194, 194, 194, 194, 194, 194, 194, 194, 194, 194, 194, 194, 194, 194, 
    237, 237, 237, 237, 237, 237, 237, 237, 237, 237, 237, 237, 237, 237, 237, 237, 237, 237, 237, 226, 226, 226, 226, 249, 249, 249, 249, 249, 249, 249, 249, 249, 249, 249, 249, 249, 249, 249, 249, 249, 249, 194, 194, 194, 194, 194, 194, 194, 194, 194, 194, 194, 194, 194, 194, 194, 194, 194, 194, 194, 194, 194, 194, 194, 
    238, 238, 238, 238, 238, 238, 238, 238, 238, 238, 238, 238, 238, 238, 238, 238, 238, 238, 238, 238, 238, 238, 226, 226, 226, 205, 205, 205, 205, 205, 194, 194, 194, 194, 194, 194, 194, 194, 194, 194, 194, 194, 194, 194, 194, 194, 194, 194, 194, 194, 194, 194, 194, 194, 194, 194, 194, 194, 194, 194, 194, 194, 194, 194, 
    239, 239, 239, 239, 239, 239, 239, 239, 239, 239, 239, 239, 239, 239, 239, 239, 239, 239, 239, 239, 239, 225, 225, 225, 225, 225, 194, 194, 194, 194, 194, 194, 194, 194, 194, 194, 194, 194, 194, 194, 194, 194, 194, 194, 194, 194, 194, 194, 194, 194, 194, 194, 194, 194, 194, 194, 194, 194, 194, 194, 194, 194, 194, 194, 
    240, 240, 240, 240, 240, 240, 240, 240, 240, 240, 240, 240, 240, 240, 240, 240, 240, 240, 220, 220, 220, 220, 220, 214, 214, 214, 214, 214, 214, 214, 214, 214, 214, 214, 214, 214, 214, 214, 214, 214, 214, 214, 214, 214, 214, 214, 214, 214, 214, 214, 214, 214, 214, 214, 214, 214, 214, 214, 214, 194, 194, 194, 194, 194, 
    241, 241, 241, 241, 241, 241, 241, 241, 241, 241, 241, 241, 241, 241, 241, 247, 247, 247, 247, 247, 247, 247, 247, 247, 219, 219, 219, 219, 219, 219, 219, 219, 219, 219, 219, 219, 219, 219, 219, 219, 219, 219, 219, 219, 219, 219, 219, 219, 219, 219, 219, 219, 219, 219, 214, 214, 214, 214, 214, 214, 194, 194, 194, 194, 
    242, 242, 242, 242, 242, 242, 242, 242, 242, 242, 242, 242, 242, 242, 255, 255, 255, 255, 255, 255, 255, 255, 255, 255, 255, 255, 255, 255, 255, 255, 255, 255, 255, 255, 255, 219, 219, 219, 219, 219, 219, 219, 219, 219, 219, 219, 219, 219, 219, 219, 219, 219, 219, 219, 219, 219, 219, 219, 219, 214, 194, 194, 194, 194, 
    243, 243, 243, 243, 243, 243, 243, 243, 243, 243, 243, 243, 243, 243, 243, 244, 244, 244, 247, 247, 247, 247, 247, 247, 247, 247, 247, 247, 220, 220, 220, 220, 220, 220, 220, 220, 219, 219, 219, 219, 219, 219, 219, 219, 219, 214, 214, 214, 214, 214, 214, 214, 214, 214, 214, 214, 214, 214, 214, 214, 194, 194, 194, 194, 
    244, 244, 244, 244, 244, 244, 244, 244, 244, 244, 244, 244, 220, 220, 220, 220, 220, 220, 220, 220, 220, 220, 220, 220, 220, 220, 220, 220, 220, 220, 220, 220, 220, 214, 214, 214, 214, 214, 214, 214, 214, 214, 214, 214, 214, 214, 214, 214, 214, 214, 214, 214, 214, 214, 214, 214, 214, 214, 214, 214, 194, 194, 194, 194, 
    245, 245, 245, 245, 245, 245, 245, 245, 245, 245, 241, 241, 241, 241, 241, 241, 241, 241, 241, 241, 241, 241, 241, 241, 216, 216, 216, 216, 216, 216, 216, 219, 219, 219, 219, 219, 219, 219, 219, 219, 219, 219, 219, 219, 219, 219, 219, 219, 219, 219, 219, 219, 219, 219, 219, 219, 219, 214, 214, 214, 214, 194, 194, 194, 
    246, 246, 246, 246, 246, 246, 246, 246, 246, 246, 246, 246, 246, 246, 246, 246, 246, 246, 246, 246, 246, 246, 246, 246, 246, 229, 229, 219, 219, 219, 219, 219, 219, 219, 219, 219, 219, 219, 219, 219, 219, 219, 219, 214, 214, 214, 214, 214, 214, 214, 214, 214, 214, 214, 194, 194, 194, 194, 194, 194, 194, 194, 194, 194, 
    247, 247, 247, 247, 247, 247, 247, 247, 247, 247, 247, 247, 247, 247, 219, 219, 219, 219, 219, 219, 219, 219, 219, 219, 219, 219, 219, 219, 219, 219, 219, 219, 219, 219, 219, 219, 219, 219, 219, 219, 219, 219, 219, 219, 219, 219, 219, 214, 214, 214, 214, 214, 214, 214, 214, 214, 214, 214, 194, 194, 194, 194, 194, 194, 
    248, 248, 248, 248, 248, 248, 248, 248, 248, 248, 248, 248, 248, 248, 255, 247, 247, 247, 247, 247, 247, 247, 247, 247, 247, 247, 247, 247, 247, 247, 247, 247, 219, 219, 219, 219, 219, 219, 219, 219, 219, 219, 219, 219, 219, 219, 219, 219, 219, 219, 219, 219, 219, 219, 219, 219, 219, 214, 214, 214, 194, 194, 194, 194, 
    249, 249, 249, 249, 249, 249, 249, 249, 249, 249, 249, 249, 249, 249, 249, 249, 249, 249, 249, 249, 249, 249, 249, 249, 249, 249, 249, 249, 249, 249, 249, 249, 249, 249, 249, 249, 194, 194, 194, 194, 194, 194, 194, 194, 194, 194, 194, 194, 194, 194, 194, 194, 194, 194, 194, 194, 194, 194, 194, 194, 194, 194, 194, 194, 
    250, 250, 250, 250, 250, 250, 250, 250, 250, 250, 250, 250, 250, 250, 243, 244, 244, 244, 247, 247, 247, 247, 247, 247, 247, 247, 247, 247, 247, 247, 247, 247, 247, 247, 247, 247, 247, 219, 219, 219, 219, 219, 219, 219, 219, 219, 219, 219, 219, 219, 219, 219, 219, 214, 214, 214, 214, 214, 214, 214, 214, 194, 194, 194, 
    251, 251, 251, 251, 251, 251, 251, 251, 251, 251, 251, 251, 251, 251, 251, 251, 251, 251, 246, 246, 246, 246, 246, 246, 246, 246, 219, 219, 219, 219, 219, 219, 219, 219, 219, 219, 219, 219, 219, 219, 219, 219, 219, 219, 219, 219, 219, 219, 219, 219, 219, 219, 219, 219, 214, 214, 194, 194, 194, 194, 194, 194, 194, 194, 
    252, 252, 252, 252, 252, 252, 252, 252, 252, 252, 246, 246, 246, 246, 246, 246, 246, 246, 246, 246, 246, 246, 246, 246, 246, 246, 246, 246, 246, 246, 246, 219, 219, 219, 219, 219, 219, 219, 219, 219, 219, 219, 219, 219, 219, 219, 219, 219, 219, 214, 214, 214, 214, 214, 214, 214, 214, 214, 194, 194, 194, 194, 194, 194, 
    253, 253, 253, 253, 253, 253, 253, 253, 254, 254, 254, 254, 254, 254, 254, 254, 254, 254, 254, 254, 254, 254, 254, 254, 254, 254, 254, 255, 255, 255, 255, 255, 255, 255, 255, 255, 255, 255, 255, 219, 219, 219, 219, 219, 219, 219, 219, 219, 219, 219, 219, 219, 219, 219, 219, 219, 219, 219, 219, 219, 194, 194, 194, 194, 
    254, 254, 254, 254, 254, 254, 254, 254, 254, 254, 254, 254, 254, 254, 254, 255, 255, 255, 255, 255, 255, 255, 255, 255, 255, 255, 255, 255, 255, 255, 255, 255, 219, 219, 219, 219, 219, 219, 219, 219, 219, 219, 219, 219, 219, 219, 219, 219, 219, 219, 219, 219, 219, 219, 219, 219, 219, 219, 194, 194, 194, 194, 194, 194, 
    255, 255, 255, 255, 255, 255, 255, 255, 255, 255, 255, 255, 255, 255, 255, 255, 255, 255, 255, 255, 219, 219, 219, 219, 219, 219, 219, 219, 219, 219, 219, 219, 219, 219, 219, 219, 219, 219, 219, 219, 219, 219, 219, 219, 219, 219, 219, 219, 219, 219, 219, 219, 219, 219, 219, 219, 214, 194, 194, 194, 194, 194, 194, 194 
};                              

#define MIN(a,b) (((a)<(b))?(a):(b))
#define MAX(a,b) (((a)>(b))?(a):(b))
#define MAXDEPTH 512

#define SWI_Timer_Start 0x000490C0
#define SWI_Timer_Stop 0x000490C1
#define SWI_Timer_Value 0x000490C2

int cmpfunc (const void * a, const void * b) {
   return ( ((TRI*)b)->depth - ((TRI*)a)->depth );
}

int main(int argc, char *argv[])
{
    int swi_data[10], isRunning = 1, isSpinning = 1, isShowingStats = 0;
    unsigned char heading = 64, pitch = 0, bank = 0, dist = 0;
    unsigned int i, colorIndex = 0;
    char buf[256];
    char *tmp;
    fix scale;
    V3D _verts[4], tmpVec;
    V2D v[3];
    MAT43 mat;
    TRI *RenderQueue[MAXDEPTH], *queuePtr = NULL;
    int clearCycles = 0, mathCycles = 0, depthCycles = 0, renderCycles = 0, triCount = 0;

    memset(&RenderQueue[0], NULL, sizeof(TRI*) * MAXDEPTH);

    for (i = 0; i < 256; ++i)
    {
        g_SineTable[i] = float2fix(sin((i * M_PI * 2.0) / 255.0));
        g_OneOver[i] = (i < 1) ? float2fix(1.f) : float2fix(1.f / i);
    }

    tmp = getenv("Game$Dir");

    sprintf(&buf[0], "%s.Ship_obj", tmp);
    tmp = &buf[0];
    if (LoadOBJ(tmp) != 0)
    {
        printf("Unable to load file. Please use the !Run script.\n");
        return 1;
    }

	printf("CONTROLS:\nF1-F4: Set Color\nSPACE: Start/Stop Spin\n");
	printf("NUMPAD: 4/6 Heading, 8/2 Pitch, 7/9 Bank\n");
	printf("ESC: Exit Program\n--\n");
    printf("Press any key to continue...");

    // Uncomment to pause here and read data output
    // buf[0] = getchar();

    VDUSetup();
    ReserveScreenBanks();
    SwitchScreenBank();
    SetBuffers((unsigned int)(&g_OneOver[0])); // Store these on the ASM side for use there
    SetPalette();

    // Obtain details about the current screen mode
    swi_data[0] = (int)148;         // screen base address
    swi_data[1] = (int)-1;          // terminate query
    rin.r[0] = (int)(&swi_data[0]); // Start of query
    rin.r[1] = (int)(&swi_data[3]); // Results
    err = _kernel_swi(OS_ReadVduVariables, &rin, &rout);
    UpdateMemAddress(swi_data[3], swi_data[4]);

    for (i = 0; i < 2; ++i)
    {
        SwitchScreenBank(); // Swap draw buffer with display buffer
        rin.r[0] = (int)(&swi_data[0]); // Get the new screen start address
        rin.r[1] = (int)(&swi_data[3]); // Results
        err = _kernel_swi(OS_ReadVduVariables, &rin, &rout);
        UpdateMemAddress(swi_data[3], swi_data[4]); // Pass these to the ASM side
        ClearScreen(0, 1); // Clear the new draw buffer
    }

    if (err == NULL)
    {
        for (i = 0; i < cvector_size(g_Mesh.verts); ++i)
        {
            g_Mesh.verts[i].x = multfix(g_Mesh.verts[i].x, int2fix(65));
            g_Mesh.verts[i].y = multfix(g_Mesh.verts[i].y, int2fix(65));
            g_Mesh.verts[i].z = multfix(g_Mesh.verts[i].z, int2fix(65));
        }

        while (isRunning)
        {
            triCount = 0;
            // TODO, disable "escape condition" OS_Byte 124 and handle Escape key directly.
            if (KeyPress(29)) // F12
                isRunning = 0;

            if (KeyPress(55)) // P
                isShowingStats = !isShowingStats;
            if (KeyPress(98)) // Spacebar
                isSpinning = !isSpinning;
            if (KeyPress(113)) // F1
                colorIndex = (rand()%127) * 64;
            if (KeyPress(114)) // F2
                dist = MAX(dist - 4, 0);
            if (KeyPress(115)) // F3
                dist = MIN(dist + 4, 100);
            // if (KeyPress(20)) // F4
            //     colorIndex = 48;

            if (isSpinning)
            {
                heading += 2;
                bank --;
            }

            if (KeyPress(122)) // Numeric Keypad 4
                heading -= 2;
            if (KeyPress(26)) // Numeric Keypad 6
                heading += 2;
            if (KeyPress(42)) // Numeric Keypad 8
                pitch -= 2;
            if (KeyPress(124)) // Numeric Keypad 2
                pitch += 2;
            if (KeyPress(27)) // Numeric Keypad 7
                bank -= 2;
            if (KeyPress(43)) // Numeric Keypad 9
                bank += 2;

            SwitchScreenBank(); // Swap draw buffer with display buffer
            rin.r[0] = (int)(&swi_data[0]); // Get the new screen start address
            rin.r[1] = (int)(&swi_data[3]); // Results
            err = _kernel_swi(OS_ReadVduVariables, &rin, &rout);
            UpdateMemAddress(swi_data[3], swi_data[4]); // Pass these to the ASM side
            if (isShowingStats)
            {
                err = _kernel_swi(SWI_Timer_Stop, &rin, &rout);
                err = _kernel_swi(SWI_Timer_Start, &rin, &rout);
            }

            ClearScreen(0xC2C2C2C2, 1); // Clear the new draw buffer
            if (isShowingStats)
            {
                err = _kernel_swi(SWI_Timer_Stop, &rin, &rout);
                clearCycles = rout.r[1];
                err = _kernel_swi(SWI_Timer_Start, &rin, &rout);
            }

            EulerToMat(&mat, heading, pitch, bank);
            //mat.tz = int2fix(40 - dist);

            // Rotate vertices and move into the negative Z space
            // and perform a rudimentary perspective transform.
            for (i = 0; i < cvector_size(g_Mesh.verts); ++i)
            {
                MultV3DMat(&g_Mesh.verts[i], &g_Mesh.verts_transformed[i], &mat);
                g_Mesh.verts_transformed[i].z -= int2fix(160 + dist);

                scale = int2fix(230) / (g_Mesh.verts_transformed[i].z >> 16);

                g_Mesh.verts_transformed[i].x = multfix(g_Mesh.verts_transformed[i].x, (scale));
                g_Mesh.verts_transformed[i].y = multfix(g_Mesh.verts_transformed[i].y, (scale));
            }

            if (isShowingStats)
            {
                err = _kernel_swi(SWI_Timer_Stop, &rin, &rout);
                mathCycles = rout.r[1];
                err = _kernel_swi(SWI_Timer_Start, &rin, &rout);
            }
            // Look at the transformed normal for each face and decide whether
            // to include it in the next render queue.
            for (i = 0; i < cvector_size(g_Mesh.faces); ++i)
            {
                g_Mesh.faces[i].next = NULL;
                _verts[0] = g_Mesh.verts_transformed[g_Mesh.faces[i].a];
                _verts[1] = g_Mesh.verts_transformed[g_Mesh.faces[i].b];
                _verts[2] = g_Mesh.verts_transformed[g_Mesh.faces[i].c];
                if (orient2d(_verts[0], _verts[1], _verts[2]) > 0)
                {
                    MultV3DMat(&g_Mesh.faces[i].normal, &tmpVec, &mat);
                    // Add face to the destination list if it is facing us
                    // Important to invert the depth here as the camera looks into -Z
                    // but our RenderQueue is indexed by positive numbers
                    g_Mesh.faces[i].d = palette[MAX(tmpVec.z / 4500, 0)];
                    g_Mesh.faces[i].depth = -MIN(((_verts[0].z + _verts[1].z + _verts[2].z) >> 17), 512);
                    g_Mesh.faces[i].d = fogLookup[(g_Mesh.faces[i].d << 6) + MAX(MIN((g_Mesh.faces[i].depth >> 2) - 48, 63), 0)];// palette[colorIndex + MAX(tmpVec.z / 4500, 0)];
                    // Push the previous triangle (if any) onto the stack for this depth.
                    g_Mesh.faces[i].next = RenderQueue[g_Mesh.faces[i].depth];
                    RenderQueue[g_Mesh.faces[i].depth] = &g_Mesh.faces[i];
                }
            }

            if (isShowingStats)
            {
                err = _kernel_swi(SWI_Timer_Stop, &rin, &rout);
                depthCycles = rout.r[1];
                err = _kernel_swi(SWI_Timer_Start, &rin, &rout);
            }

            // Painter's algorithm. Proceed from furthest to nearest.
            for (i=MAXDEPTH - 1;i !=0; i--) {
                while (RenderQueue[i]) {  // Render faces with current depth
                    queuePtr = RenderQueue[i];
                    _verts[0] = g_Mesh.verts_transformed[queuePtr->a];
                    _verts[1] = g_Mesh.verts_transformed[queuePtr->b];
                    _verts[2] = g_Mesh.verts_transformed[queuePtr->c];

                    // Offset to the screen center (160,128)
                    // Also clear fixed point mantissa to prevent glitchy delta values
                    v[0].x = 160 + fix2int(_verts[0].x);
                    v[0].y = 128 + fix2int(_verts[0].y);
                    v[1].x = 160 + fix2int(_verts[1].x);
                    v[1].y = 128 + fix2int(_verts[1].y);
                    v[2].x = 160 + fix2int(_verts[2].x);
                    v[2].y = 128 + fix2int(_verts[2].y);

                    color =  queuePtr->d; // The palette index for this face
                    color4 = (color << 24) | (color << 16) | (color << 8) | color;

                    ++triCount;
                    SortVertices((unsigned int)(&v[0].x));
                    DrawTriangle((unsigned int)(&v[0].x), color4);
                    RenderQueue[i] = (TRI*)queuePtr->next; // Next face
                }
            }

            if (isShowingStats)
            {
                err = _kernel_swi(SWI_Timer_Stop, &rin, &rout);
                renderCycles = rout.r[1];

                rin.r[0] = 30;
                err = _kernel_swi(OS_WriteC, &rin, &rout);

                printf("CLEAR     :  %d", clearCycles);
                printf("\n3D MATH   :  %d", mathCycles);
                printf("\nDEPTH SORT:  %d", depthCycles);
                printf("\nRASTERIZER: %d", renderCycles);
                printf("\nTOTAL     : %d", clearCycles + mathCycles + depthCycles + renderCycles);
            }
        }
    }
    else
    {
        printf("ERROR: %s", err->errmess);
    }

    FreeMesh();

    return 0;
}
